2.087478713833085919e+00
2.077539501067048988e+00
2.068367673047287525e+00
2.059979530552762395e+00
2.052389794232946763e+00
2.045611976717556679e+00
2.039658424786989332e+00
2.034540396955442976e+00
2.030268326383877220e+00
2.026851864661968428e+00
2.024299972516922619e+00
2.022621171828007380e+00
2.021823527136807463e+00
2.021914624282117323e+00
2.022901997644158456e+00
2.024792815955657410e+00
2.027594259946194466e+00
2.031313399361488692e+00
2.035957360661308613e+00
2.041533354868273697e+00
2.048048618690994971e+00
2.055510580597764037e+00
2.063926903772969723e+00
2.073305431392330700e+00
2.083654226701177503e+00
2.094981650658067185e+00
2.107296352181128096e+00
2.120607221583349578e+00
2.134923503104746878e+00
2.150254735960816177e+00
2.166610680132911249e+00
2.184001547851928127e+00
2.202437754956744431e+00
2.221929999170475956e+00
2.242489271083464075e+00
2.264126799487712116e+00
2.286854055327997681e+00
2.310682694427205863e+00
2.335624606862558572e+00
2.361691813724859479e+00
2.388896406855796073e+00
2.417250609672165762e+00
2.446766618714191210e+00
2.477456769634715616e+00
2.509333224642507965e+00
2.542408077942171829e+00
2.576693283360760311e+00
2.612200607175315881e+00
2.648941505968349208e+00
2.686927149403483650e+00
2.726168316333134278e+00
2.766675294542176644e+00
2.808457878514060369e+00
2.851525230740030725e+00
2.895885854432980633e+00
2.941547454061812505e+00
2.988516946149159637e+00
3.036800280441172450e+00
3.086402315191103529e+00
3.137326944499427395e+00
3.189576709928040099e+00
3.243152896116090478e+00
3.298055324578950565e+00
3.354282319728154160e+00
3.411830512774455926e+00
3.470694779558965770e+00
3.530868095555283581e+00
3.592341405787781827e+00
3.655103439719861846e+00
3.719140672149503501e+00
3.784437031277312347e+00
3.850973877214524776e+00
3.918729618803587833e+00
3.987679906556729215e+00
4.057796796743446954e+00
4.129049210939507830e+00
4.201402350414928044e+00
4.274817484147034108e+00
4.349251770971904740e+00
4.424657841294739491e+00
4.500983746530744511e+00
4.578172273307036022e+00
4.656161091249938266e+00
4.734881783133686461e+00
4.814260168241376370e+00
4.894215214224306720e+00
4.974659216713906318e+00
5.055496900864578258e+00
5.136625346089101818e+00
5.217933302687385755e+00
5.299300938263880489e+00
5.380599050023175955e+00
5.461689209324038785e+00
5.542422598727247518e+00
5.622640274005420657e+00
5.702172461186974850e+00
5.780838499351527382e+00
5.858446427356900799e+00
5.934792902080263666e+00
6.009663443746321221e+00
6.082832210793234218e+00
6.154062509321706287e+00
6.223107169237355407e+00
6.289709100241926976e+00
6.353602445222830575e+00
6.414513145205493316e+00
6.472160981793325440e+00
6.526260335754862751e+00
6.576523266998850481e+00
6.622660331499727882e+00
6.664383696469415419e+00
6.701409820225036285e+00
6.733462361315186051e+00
6.760274926176144561e+00
6.781595011774767201e+00
6.797186611194090844e+00
6.806834441385301915e+00
6.810346667490133399e+00
6.807558449772145082e+00
6.798335176020369630e+00
6.782575513924880006e+00
6.760213594731195208e+00
6.731221056518595702e+00
6.695609278875983783e+00
6.653429288482603177e+00
6.604773728557124635e+00
6.549774935426688316e+00
6.488605693909734740e+00
6.421476942730897086e+00
6.348635443248177523e+00
6.270361488896898372e+00
6.186965823620784732e+00
6.098785422649104504e+00
6.006180358310440504e+00
5.909528533638954251e+00
5.809222517843303457e+00
5.705663844553643393e+00
5.599259269253959559e+00
5.490416659431510027e+00
5.379540588495996367e+00
5.267029051334307432e+00
5.153268978303167103e+00
5.038634755370912544e+00
4.923484554697340698e+00
4.808158132209958247e+00
4.692975688302889914e+00
4.578236054771881669e+00
4.464216164677876186e+00
4.351169729307081013e+00
4.239327781963064368e+00
4.128898748732740209e+00
4.020068167762810063e+00
3.912999865463494764e+00
3.807836588498116903e+00
3.704701032006420203e+00
3.603696503713902377e+00
3.504908547470162006e+00
3.408405858309124792e+00
3.314241810085920559e+00
3.222455262977415469e+00
3.133072248514071845e+00
3.046106920159111997e+00
2.961562833186319299e+00
2.879433970062343029e+00
2.799705798618942865e+00
2.722356602822029181e+00
2.647358064973944547e+00
2.574676211627798139e+00
2.504272350546915327e+00
2.436103571280531011e+00
2.370123923509160235e+00
2.306284415144568722e+00
2.244533966338158049e+00
2.184819829842352235e+00
2.127087912940642589e+00
2.071283481550899808e+00
2.017351059261524693e+00
1.965235141461961543e+00
1.914880191633166584e+00
1.866231108476507083e+00
1.819233224566296547e+00
1.773832632487244876e+00
1.729976153163532260e+00
1.687611557153955388e+00
1.646687805024123818e+00
1.607154912996637153e+00
1.568964031980490503e+00
1.532067618533848652e+00
1.496419434022536299e+00
1.461974510353509782e+00
1.428689169506154988e+00
1.396521137253760481e+00
1.365429440487300194e+00
1.335374383491733985e+00
1.306317625447539710e+00
1.278222091392842819e+00
1.251051957889447896e+00
1.224772696292829810e+00
1.199350995237098871e+00
1.174754658554043152e+00
