5.807113652703249640e-01
5.894830408773991115e-01
5.985341788158353715e-01
6.078716069297045443e-01
6.175024806991313842e-01
6.274343146948401229e-01
6.376749783647948089e-01
6.482326935773046195e-01
6.591161196951649259e-01
6.703342726577288246e-01
6.818966299153687016e-01
6.938130844821280840e-01
7.060939813797810771e-01
7.187501608587504309e-01
7.317929384262488179e-01
7.452341434835321188e-01
7.590861394408131568e-01
7.733618339026427924e-01
7.880747098355768143e-01
8.032388373142561599e-01
8.188688827384432711e-01
8.349801663111411365e-01
8.515886356891657627e-01
8.687109174435267978e-01
8.863643150434091789e-01
9.045668501193718791e-01
9.233372413149822933e-01
9.426949726876031610e-01
9.626602421594265824e-01
9.832540382539112223e-01
1.004498114237318163e+00
1.026414933814982611e+00
1.049027835092040117e+00
1.072360884677571624e+00
1.096438880529390314e+00
1.121287427943236770e+00
1.146932829601373660e+00
1.173402046222850714e+00
1.200722793517605691e+00
1.228923315815803496e+00
1.258032441959114678e+00
1.288079468828958296e+00
1.319094044055348025e+00
1.351106135624084992e+00
1.384145769101101875e+00
1.418242998661815690e+00
1.453427750294295606e+00
1.489729335110755892e+00
1.527176650712694483e+00
1.565797459167412642e+00
1.605618340819177092e+00
1.646664298642353197e+00
1.688958231711689129e+00
1.732520549142029465e+00
1.777368714030547192e+00
1.823516507025575661e+00
1.870973476633457366e+00
1.919744214924904879e+00
1.969827486625139290e+00
2.021215644232775777e+00
2.073893230991049386e+00
2.127836302708022487e+00
2.183011414469628431e+00
2.239374146923378106e+00
2.296868220877256395e+00
2.355424067171745683e+00
2.414957760974390855e+00
2.475369341563562919e+00
2.536542140649601151e+00
2.598341179288974789e+00
2.660612163157126897e+00
2.723180652406586688e+00
2.785850831010211692e+00
2.848405774602150498e+00
2.910606575761359061e+00
2.972192727476214102e+00
3.032882809243553801e+00
3.092375629693616901e+00
3.150351517655612721e+00
3.206475280647520965e+00
3.260398599867307734e+00
3.311763726697663390e+00
3.360207682167577037e+00
3.405367419769687043e+00
3.446884479443737437e+00
3.484411230233293466e+00
3.517617763103972006e+00
3.546196168292107043e+00
3.569868424396394069e+00
3.588391232217017279e+00
3.601562438431089586e+00
3.609224748362000135e+00
3.611269834640694398e+00
3.607641375030644415e+00
3.598336688547894013e+00
3.583407010325619257e+00
3.562956358496986109e+00
3.537139332641562106e+00
3.506158446199833634e+00
3.470259408505055543e+00
3.429725916007820619e+00
3.384873978968539809e+00
3.336045530783047219e+00
3.283602250569138459e+00
3.227919514731949935e+00
3.169379297473864376e+00
3.108364504806149231e+00
3.045254265788902348e+00
2.980419241253140950e+00
2.914215818922210044e+00
2.846985184326338736e+00
2.779048800795620000e+00
2.710706620443736448e+00
2.642236653748098352e+00
2.573893212610566472e+00
2.505906592035538338e+00
2.438483754123858649e+00
2.371808555203857694e+00
2.306042261886235067e+00
2.241324931836552459e+00
2.177776752139167993e+00
2.115498734097756905e+00
2.054574895973638515e+00
1.995072940160486752e+00
1.937046382168048364e+00
1.880535428006223420e+00
1.825568742981493964e+00
1.772164157893446834e+00
1.720330710659302875e+00
1.670069046972368465e+00
1.621372982843905630e+00
1.574229898928745541e+00
1.528622492544855271e+00
1.484528661454507681e+00
1.441922673928716758e+00
1.400775923615304341e+00
1.361057136797660272e+00
1.322733123806718369e+00
1.285769060686937415e+00
1.250129081826871102e+00
1.215776313247489915e+00
1.182673302418950634e+00
1.150782380710966946e+00
1.120065674085858998e+00
1.090485264827707468e+00
1.062003453638579176e+00
1.034582725806954873e+00
1.008186159859609354e+00
9.827770156760333720e-01
9.583191202777601170e-01
9.347769478999968795e-01
9.121154905436755778e-01
8.903003204971873252e-01
8.692977037702137588e-01
8.490745255647282885e-01
8.295984296613864162e-01
8.108377048411766763e-01
7.927614023883826633e-01
7.753393090926135045e-01
7.585420102897549866e-01
7.423408904212889237e-01
7.267081525617830051e-01
7.116168654081045375e-01
6.970409857371923090e-01
6.829553727291427512e-01
6.693358396039902347e-01
6.561591660294984196e-01
6.434031062695014791e-01
6.310464161702571406e-01
6.190688662635499551e-01
6.074512536977225707e-01
5.961753860846185082e-01
5.852241065269125908e-01
5.745812445344049557e-01
5.642316390055580611e-01
5.541610649937069866e-01
5.443562604809313310e-01
5.348048583776735532e-01
5.254953681049302494e-01
5.164171026820436605e-01
5.075601569543338742e-01
4.989153739556656530e-01
4.904742853199096642e-01
4.822290394739394137e-01
4.741723906244043052e-01
4.662976237562012072e-01
4.585985415120430453e-01
4.510693735378868974e-01
4.437047661154708833e-01
4.364997417651323430e-01
4.294496541031922465e-01
4.225501670463673309e-01
4.157971784186794140e-01
4.091868510933280856e-01
4.027155319198726935e-01
3.963798008761553193e-01
3.901763653276827393e-01
3.841020776604905929e-01
3.781539495490117142e-01
3.723290876124569770e-01
