2.642940774515556424e-01
2.645724539668331543e-01
2.648595473348948071e-01
2.651555903564413175e-01
2.654608329388701282e-01
2.657755335818796638e-01
2.660999669686248126e-01
2.664344177436356875e-01
2.667791848549168066e-01
2.671345484225234324e-01
2.675008766600079912e-01
2.678784907530853965e-01
2.682677441344801794e-01
2.686689837572109885e-01
2.690826237805952759e-01
2.695090502614523320e-01
2.699486784023296670e-01
2.704019315420709835e-01
2.708692713466671065e-01
2.713511590054732414e-01
2.718480792229186482e-01
2.723605134269809769e-01
2.728890171630371508e-01
2.734341171347851041e-01
2.739963508317456164e-01
2.745763350879691922e-01
2.751746552875907192e-01
2.757919156457716570e-01
2.764287856930521814e-01
2.770859174344539322e-01
2.777640042296720679e-01
2.784637400497432247e-01
2.791858595195894077e-01
2.799311235180761970e-01
2.807002892866619082e-01
2.814941508441729523e-01
2.823135362345808863e-01
2.831592773370693039e-01
2.840322344029464485e-01
2.849332800439443036e-01
2.858633353961157475e-01
2.868233086371802520e-01
2.878140595243680600e-01
2.888366448041632117e-01
2.898918968529587969e-01
2.909809026867169468e-01
2.921046077569253163e-01
2.932638685773029108e-01
2.944598306696160628e-01
2.956934103614973774e-01
2.969654783004324616e-01
2.982771129746779604e-01
2.996291890223024557e-01
3.010225725841825239e-01
3.024581585894103308e-01
3.039367760701660037e-01
3.054591200522477346e-01
3.070258903652109961e-01
3.086377848293271331e-01
3.102951541918376188e-01
3.119985494862455577e-01
3.137480855062234619e-01
3.155439350767090256e-01
3.173861797504113347e-01
3.192743814102285693e-01
3.212082511540579333e-01
3.231869932784427468e-01
3.252097192903228851e-01
3.272751943568257271e-01
3.293818048255062192e-01
3.315277764171731811e-01
3.337105643149740897e-01
3.359278035253380201e-01
3.381763105815782655e-01
3.404524125972261395e-01
3.427520712092556043e-01
3.450709275994335301e-01
3.474035228278020138e-01
3.497446967793199635e-01
3.520878571004461555e-01
3.544263100916846265e-01
3.567527579924599790e-01
3.590594060989005798e-01
3.613376798907243503e-01
3.635789779119078524e-01
3.657736443081816002e-01
3.679123231519797477e-01
3.699847360484092018e-01
3.719809199306869374e-01
3.738904359620214279e-01
3.757026892404538576e-01
3.774077278189987283e-01
3.789949266436336006e-01
3.804549866918964796e-01
3.817786286752004044e-01
3.829570819772274981e-01
3.839826031453078548e-01
3.848479721923185881e-01
3.855475037180436382e-01
3.860759642867913066e-01
3.864300555865120002e-01
3.866070125283677106e-01
3.866061085581638523e-01
3.864270548844961350e-01
3.860715944236091657e-01
3.855420003175863974e-01
3.848426963784517540e-01
3.839790658927765832e-01
3.829572154819727570e-01
3.817838206280209090e-01
3.804676732101843206e-01
3.790170430032528404e-01
3.774416144167203613e-01
3.757507154686609563e-01
3.739551539758889098e-01
3.720648117959070023e-01
3.700903967533634709e-01
3.680417875731112343e-01
3.659295511096734566e-01
3.637634244535530859e-01
3.615534145425886581e-01
3.593083402396206605e-01
3.570372001617359570e-01
3.547478231841090235e-01
3.524486900229125697e-01
3.501469799020108797e-01
3.478487690207263117e-01
3.455606914638290617e-01
3.432882040691891401e-01
3.410363487046708109e-01
3.388098543363396442e-01
3.366125432375824955e-01
3.344479481884906069e-01
3.323193254420692688e-01
3.302291120740852848e-01
3.281797807598538785e-01
3.261735157171572475e-01
3.242113484064225171e-01
3.222948172505234465e-01
3.204246664273834866e-01
3.186020039523178027e-01
3.168269757742093740e-01
3.150998269252525685e-01
3.134205854065711394e-01
3.117894707405513000e-01
3.102057965571110576e-01
3.086693156269846305e-01
3.071794577445564611e-01
3.057356529461709993e-01
3.043370561212907499e-01
3.029828674253535747e-01
3.016721994246118199e-01
3.004040923500266858e-01
2.991773968491731051e-01
2.979912051839375686e-01
2.968445148061959471e-01
2.957359803782792507e-01
2.946644171466051843e-01
2.936288004832536824e-01
2.926278879945424793e-01
2.916604560832486981e-01
2.907253800494639107e-01
2.898213550257187632e-01
2.889470911886575788e-01
2.881015617972398912e-01
2.872836406348280858e-01
2.864919422933522863e-01
2.857254223859801989e-01
2.849828477604174903e-01
2.842632870327012062e-01
2.835655006858310290e-01
2.828884620295627483e-01
2.822311680284653179e-01
2.815925888973037639e-01
2.809717743494366538e-01
2.803677444704037458e-01
2.797796679231620010e-01
2.792066443988513447e-01
2.786478787407294933e-01
2.781025826738591777e-01
2.775700114336548951e-01
2.770494900677945571e-01
2.765403251014503239e-01
2.760419128794253107e-01
2.755536694350844140e-01
2.750750224938172672e-01
2.746055089434212837e-01
2.741446371044745089e-01
2.736919755600918380e-01
2.732471586097792726e-01
2.728097771477597799e-01
2.723795021859588550e-01
2.719559954030618676e-01
2.715390237290348785e-01
2.711283068131533636e-01
2.707236542580546690e-01
2.703248214698259488e-01
2.699315987399624750e-01
2.695438624673330841e-01
2.691614334397939845e-01
