1.830920025100964826e-02
1.830341111745268506e-02
1.829761994262871921e-02
1.829182672384029040e-02
1.828603145838153532e-02
1.828023414354421061e-02
1.827443477660590024e-02
1.826863335483996584e-02
1.826282987551141462e-02
1.825702433587266665e-02
1.825121673317613158e-02
1.824540706465447096e-02
1.823959532754531807e-02
1.823378151906922956e-02
1.822796563643624967e-02
1.822214767685273809e-02
1.821632763752292425e-02
1.821050551562308079e-02
1.820468130834573470e-02
1.819885501285587945e-02
1.819302662631699236e-02
1.818719614588538980e-02
1.818136356870148074e-02
1.817552889190714865e-02
1.816969211263219641e-02
1.816385322799118213e-02
1.815801223509984699e-02
1.815216913106781904e-02
1.814632391299057096e-02
1.814047657794403204e-02
1.813462712297067222e-02
1.812877554510448214e-02
1.812292184138202672e-02
1.811706600890061400e-02
1.811120804482529295e-02
1.810534794637819189e-02
1.809948571071632109e-02
1.809362133484022570e-02
1.808775481544295377e-02
1.808188614892720578e-02
1.807601533155445833e-02
1.807014235978612882e-02
1.806426723065310963e-02
1.805838994200717820e-02
1.805251049255394286e-02
1.804662888144999144e-02
1.804074510768074319e-02
1.803485916919373572e-02
1.802897106217470763e-02
1.802308078068561026e-02
1.801718831688139261e-02
1.801129366181172115e-02
1.800539680676157064e-02
1.799949774487335716e-02
1.799359647248132202e-02
1.798769299011817799e-02
1.798178730254285096e-02
1.797587941795594085e-02
1.796996934635575888e-02
1.796405709727759425e-02
1.795814267746257201e-02
1.795222608857093699e-02
1.794630732550604735e-02
1.794038637558444810e-02
1.793446321869238830e-02
1.792853782863578979e-02
1.792261017557254810e-02
1.791668022940202248e-02
1.791074796354047427e-02
1.790481335869387874e-02
1.789887640577702416e-02
1.789293710763283085e-02
1.788699547922321595e-02
1.788105154628708005e-02
1.787510534295038561e-02
1.786915690860045591e-02
1.786320628446710912e-02
1.785725351036508007e-02
1.785129862155127728e-02
1.784534164582956065e-02
1.783938260080520505e-02
1.783342149126137047e-02
1.782745830672190918e-02
1.782149301947954373e-02
1.781552558354739663e-02
1.780955593493243824e-02
1.780358399412743098e-02
1.779760967084685966e-02
1.779163287098110488e-02
1.778565350509659498e-02
1.777967149708051600e-02
1.777368679143737432e-02
1.776769935788116012e-02
1.776170919261285674e-02
1.775571631638269907e-02
1.774972077031173462e-02
1.774372261052009278e-02
1.773772190289503101e-02
1.773171871870390937e-02
1.772571313157595210e-02
1.771970521594861542e-02
1.771369504681954282e-02
1.770768270056933755e-02
1.770166825646864867e-02
1.769565179845731043e-02
1.768963341662458527e-02
1.768361320776065670e-02
1.767759127407049144e-02
1.767156771908673721e-02
1.766554263984814951e-02
1.765951611478269040e-02
1.765348818754386775e-02
1.764745884864060699e-02
1.764142801814846950e-02
1.763539553451208899e-02
1.762936115438303725e-02
1.762332456676463446e-02
1.761728542095781017e-02
1.761124336339169386e-02
1.760519807530087216e-02
1.759914930297280106e-02
1.759309687496855151e-02
1.758704070489505722e-02
1.758098078216210197e-02
1.757491715526421014e-02
1.756884991226439346e-02
1.756277916215562285e-02
1.755670501946820367e-02
1.755062759279129095e-02
1.754454697732644314e-02
1.753846325103002729e-02
1.753237647361547205e-02
1.752628668790936345e-02
1.752019392302138837e-02
1.751409819887828415e-02
1.750799953170757012e-02
1.750189794016260986e-02
1.749579345172838640e-02
1.748968610896065728e-02
1.748357597549895365e-02
1.747746314154763683e-02
1.747134772878634196e-02
1.746522989492919550e-02
1.745910983790426724e-02
1.745298779995516428e-02
1.744686407152087199e-02
1.744073899474318443e-02
1.743461296580158318e-02
1.742848643479245202e-02
1.742235990110019977e-02
1.741623390135395993e-02
1.741010898652228106e-02
1.740398568434827278e-02
1.739786444466639992e-02
1.739174556772804178e-02
1.738562912141537048e-02
1.737951486060879819e-02
1.737340216980307744e-02
1.736729005383967975e-02
1.736117719615650964e-02
1.735506208794055164e-02
1.734894320732934328e-02
1.734281920737998361e-02
1.733668906543006302e-02
1.733055215923794828e-02
1.732440826112119706e-02
1.731825746661200607e-02
1.731210008858932725e-02
1.730593654861373870e-02
1.729976728801135497e-02
1.729359270891663719e-02
1.728741314511567789e-02
1.728122885593276481e-02
1.727504003456806908e-02
1.726884682286788236e-02
1.726264932696589330e-02
1.725644763055441885e-02
1.725024180455458217e-02
1.724403191334415025e-02
1.723781801810014142e-02
1.723160017823360118e-02
1.722537845153591235e-02
1.721915289376581976e-02
1.721292355794809895e-02
1.720669049370452536e-02
1.720045374676115735e-02
1.719421335875969542e-02
1.718796936740833725e-02
1.718172180711012922e-02
1.717547071010755433e-02
1.716921610825107927e-02
1.716295803541522183e-02
1.715669653050504867e-02
1.715043164085995261e-02
1.714416342564036369e-02
1.713789195848112665e-02
1.713161732839141999e-02
1.712533963731763947e-02
1.711905899277890025e-02
1.711277549360434164e-02
1.710648920728850136e-02
1.710020013800641475e-02
1.709390818625052683e-02
1.708761310286789972e-02
1.708131444357032305e-02
1.707501153284809656e-02
1.706870344942817627e-02
1.706238904705284845e-02
1.705606702491319071e-02
1.704973605987691529e-02
1.704339500864807122e-02
1.703704318079274707e-02
1.703068067348605802e-02
1.702430874373516909e-02
1.701793017177613554e-02
1.701154953958685170e-02
1.700517331459220488e-02
1.699880960508498226e-02
1.699246746973771469e-02
1.698615574885008195e-02
1.697988155522595771e-02
1.697364876506541817e-02
1.696745697693946911e-02
1.696130133664467202e-02
1.695517333458578663e-02
1.694906231924894410e-02
1.694295722985752345e-02
1.693684806542057955e-02
1.693072680634861299e-02
1.692458775399552015e-02
1.691842742188634507e-02
1.691224416865710553e-02
1.690603773974343541e-02
1.689980882670750334e-02
1.689355869920172032e-02
1.688728892502234374e-02
1.688100117259953153e-02
1.687469708072879965e-02
1.686837817957235336e-02
1.686204584832948217e-02
1.685570129811598747e-02
1.684934557174996503e-02
1.684297955421261428e-02
1.683660399006836270e-02
1.683021950420832136e-02
1.682382662443510091e-02
1.681742580411342905e-02
1.681101744386447050e-02
1.680460191183473853e-02
1.679817956203445359e-02
1.679175075081029006e-02
1.678531585132592846e-02
1.677887526743280372e-02
1.677242944580841638e-02
1.676597888843636697e-02
1.675952416405870199e-02
1.675306592061486660e-02
1.674660489638813907e-02
1.674014193033602008e-02
1.673367797023401007e-02
1.672721407554296491e-02
1.672075141370397283e-02
1.671429124447417619e-02
1.670783489083775553e-02
1.670138369036268042e-02
1.669493892633708287e-02
1.668850173777318424e-02
1.668207301143848770e-02
1.667565326445309346e-02
1.666924253063836042e-02
1.666284026934707410e-02
1.665644531425920088e-02
1.665005588110800988e-02
1.664366964133754193e-02
1.663728386047439237e-02
1.663089558505095877e-02
1.662450185438845221e-02
1.661809990578036467e-02
1.661168734722219889e-02
1.660526227842043512e-02
1.659882335242073015e-02
1.659236978028211934e-02
1.658590129001847463e-02
1.657941805366840507e-02
1.657292059708459497e-02
1.656640970453353984e-02
1.655988632630114171e-02
1.655335149496710637e-02
1.654680625179839534e-02
1.654025158395186490e-02
1.653368837191046894e-02
1.652711734569691990e-02
1.652053904956677852e-02
1.651395381541349155e-02
1.650736174517365359e-02
1.650076270371646225e-02
1.649415632379839028e-02
1.648754202301830687e-02
1.648091903391469409e-02
1.647428644400266221e-02
1.646764324403604540e-02
1.646098837881761895e-02
1.645432079546239879e-02
1.644763948379317220e-02
1.644094350485368963e-02
1.643423200435053036e-02
1.642750421147978063e-02
1.642075942433788432e-02
1.641399698552306607e-02
1.640721625244992779e-02
1.640041656655471386e-02
1.639359722595703714e-02
1.638675746472806338e-02
1.637989644089902705e-02
1.637301323469035619e-02
1.636610685740368804e-02
1.635917627120345164e-02
1.635222042023272426e-02
1.634523827438455132e-02
1.633822888863528319e-02
1.633119148198360765e-02
1.632412554447599043e-02
1.631703098083703632e-02
1.630990830621237980e-02
1.630275890992002874e-02
1.629558540834735031e-02
1.628839210935748710e-02
1.628118560962896894e-02
1.627397553709891351e-02
1.626677543002686549e-02
1.625960369905734074e-02
1.625248453999599690e-02
1.624544854479414643e-02
1.623853259523818163e-02
1.623177846609725333e-02
1.622522949883111257e-02
1.621892491928709004e-02
1.621289203091959980e-02
1.620713764625602779e-02
1.620164133657442038e-02
1.619635354139128611e-02
1.619120048297066281e-02
1.618609525150926237e-02
1.618095172861057363e-02
1.617569693645925719e-02
1.617027855906604319e-02
1.616466679505044329e-02
1.615885179350800421e-02
1.615283879988621552e-02
1.614664291391070330e-02
1.614028462556746368e-02
1.613378658554632042e-02
1.612717159410050755e-02
1.612046158057441406e-02
1.611367729347625705e-02
1.610683845303732473e-02
1.609996416388644394e-02
1.609307341645680942e-02
1.608618550918456888e-02
1.607932019082310843e-02
1.607249727746357104e-02
1.606573548267683366e-02
1.605905030131530437e-02
1.605245111351506423e-02
1.604593825448495312e-02
1.603950139700237656e-02
1.603312066149942955e-02
1.602677087774723522e-02
1.602042763567067263e-02
1.601407249189622933e-02
1.600769517940649200e-02
1.600129258559204043e-02
1.599486597420555350e-02
1.598841824082875701e-02
1.598195218224012643e-02
1.597546982642693986e-02
1.596897241519182678e-02
1.596246063068524831e-02
1.595593483291000980e-02
1.594939522717667840e-02
1.594284196000355508e-02
1.593627516601464622e-02
1.592969498689495583e-02
1.592310157681470911e-02
1.591649510208787907e-02
1.590987573879336717e-02
1.590324366995361435e-02
1.589659908308207331e-02
1.588994216805506704e-02
1.588327311542846523e-02
1.587659211511662297e-02
1.586989935538622720e-02
1.586319502205240858e-02
1.585647929791345057e-02
1.584975236235182036e-02
1.584301439091576752e-02
1.583626555516264717e-02
1.582950602252283095e-02
1.582273595619822920e-02
1.581595551510747016e-02
1.580916485386553438e-02
1.580236412286932859e-02
1.579555346822106646e-02
1.578873303182681473e-02
1.578190295147265804e-02
1.577506336079280425e-02
1.576821438939479680e-02
1.576135616300999853e-02
1.575448880361738149e-02
1.574761242980241699e-02
1.574072715717011323e-02
1.573383309910229150e-02
1.572693036757163640e-02
1.572001907426833281e-02
1.571309933174920570e-02
1.570617125446596360e-02
1.569923495920065235e-02
1.569229056463291444e-02
1.568533818929095797e-02
1.567837794753209474e-02
1.567140994313238195e-02
1.566443426055876692e-02
1.565745095479018079e-02
1.565046004078906455e-02
1.564346148519314347e-02
1.563645520294383584e-02
1.562944106215459483e-02
1.562241890021358326e-02
1.561538855302573026e-02
1.560834989795201709e-02
1.560130290705060915e-02
1.559424770732034324e-02
1.558718463805853702e-02
1.558011429584705773e-02
1.557303755689117518e-02
1.556595556360174104e-02
1.555886966949462068e-02
1.555178133671747745e-02
1.554469198917269625e-02
1.553760282842225025e-02
1.553051463093693338e-02
1.552342754581656145e-02
1.551634092133783241e-02
1.550925318627685567e-02
1.550216180976908206e-02
1.549506335729264675e-02
1.548795364854331502e-02
1.548082801358653324e-02
1.547368162991167792e-02
1.546650991613639226e-02
1.545930895112754277e-02
1.545207588726719983e-02
1.544480932784650026e-02
1.543750964311003428e-02
1.543017920551761901e-02
1.542282252769016336e-02
1.541544628929166806e-02
1.540805924014441997e-02
1.540067196673355378e-02
1.539329651011772139e-02
1.538594582715909279e-02
1.537863309701974733e-02
1.537137089033262238e-02
1.536417024234732268e-02
1.535703969480718342e-02
1.534998439847490813e-02
1.534300538111780209e-02
1.533609908518107114e-02
1.532925725647336056e-02
1.532246722318752682e-02
1.531571254690268155e-02
1.530897397283957628e-02
1.530223056229424762e-02
1.529546086941098969e-02
1.528864403290714803e-02
1.528176067949127762e-02
1.527479358199586648e-02
1.526772805503490670e-02
1.526055211268359871e-02
1.525325643454981429e-02
1.524583420254267165e-02
1.523828086912002930e-02
1.523059391549632866e-02
1.522277264592593327e-02
1.521481805739632528e-02
1.520673281253239265e-02
1.519852133793343253e-02
1.519019006257254709e-02
1.518174780668839208e-02
1.517320632199710764e-02
1.516458097535682351e-02
1.515589154809380071e-02
1.514716309812373651e-02
1.513842679240854673e-02
1.512972056763620121e-02
1.512108941833611477e-02
1.511258505611170512e-02
1.510426465232965129e-02
1.509618840100520297e-02
1.508841575453782891e-02
1.508100041813745761e-02
1.507398453035227459e-02
1.506739283734112068e-02
1.506122795614923612e-02
1.505546785989914614e-02
1.505006640223323887e-02
1.504495705937030324e-02
1.504005930194540243e-02
1.503528638972979545e-02
1.503055313807747859e-02
1.502578238881907904e-02
1.502090940865186998e-02
1.501588401568868490e-02
1.501067070696974690e-02
1.500524732715224907e-02
1.499960288320210423e-02
1.499373503135327176e-02
1.498764762175082074e-02
1.498134853243339448e-02
1.497484789999424006e-02
1.496815676724562449e-02
1.496128611265403786e-02
1.495424620378543734e-02
1.494704620540203768e-02
1.493969397899947739e-02
1.493219601646313989e-02
1.492455746275164405e-02
1.491678219112470803e-02
1.490887290435370140e-02
1.490083124318814997e-02
1.489265788886791862e-02
1.488435265150549712e-02
1.487591453919076025e-02
1.486734180462763975e-02
1.485863196750012924e-02
1.484978181109837536e-02
1.484078735106822422e-02
1.483164377396886321e-02
1.482234534197999012e-02
1.481288525895398112e-02
1.480325549213215575e-02
1.479344654306407117e-02
1.478344716150710968e-02
1.477324399844657035e-02
1.476282119872076616e-02
1.475215994372025205e-02
1.474123797053620601e-02
1.473002912120708816e-02
1.471850301852602703e-02
1.470662502893089509e-02
1.469435676890470943e-02
1.468165754542917131e-02
1.466848730219378651e-02
1.465481186864766618e-02
1.464061154851484595e-02
1.462589425520048614e-02
1.461071430763600208e-02
1.459519728066841458e-02
1.457956938959115677e-02
1.456418617898029046e-02
1.454954966455508994e-02
1.453629715607959380e-02
1.452514336972369688e-02
1.451676716890864562e-02
1.451165929317523029e-02
1.450997913978273671e-02
1.451148340574818195e-02
1.451556606176860643e-02
1.452139582094586975e-02
1.452809169128176960e-02
1.453487096446252902e-02
1.454113316317154347e-02
1.454647978649614357e-02
1.455069097866082753e-02
1.455368335130176848e-02
1.455546626699696401e-02
1.455610529997764836e-02
1.455569536048990399e-02
1.455434268650260612e-02
1.455215372818682851e-02
1.454922888218747844e-02
1.454565940393761150e-02
1.454152628002483225e-02
1.453690024086877475e-02
1.453184238132560271e-02
1.452640507053080433e-02
1.452063295614478000e-02
1.451456395878330564e-02
1.450823020176159397e-02
1.450165884952495099e-02
1.449487284997088600e-02
1.448789158052620971e-02
1.448073140727568556e-02
1.447340616599853899e-02
1.446592757518922780e-02
1.445830559291624851e-02
1.445054872729739301e-02
1.444266431103862804e-02
1.443465874929321727e-02
1.442653775087951104e-02
1.441830655201617982e-02
1.440997014257241159e-02
1.440153350421106461e-02
1.439300187201582835e-02
1.438438103044253034e-02
1.437567765607783953e-02
1.436689971950456425e-02
1.435805695859017350e-02
1.434916143150916958e-02
1.434022815270209750e-02
1.433127580265478387e-02
1.432232748090266593e-02
1.431341143940781727e-02
1.430456168440757091e-02
1.429581827122760815e-02
1.428722704244804464e-02
1.427883849658630189e-02
1.427070545659745414e-02
1.426287929678465329e-02
1.425540474062346463e-02
1.424831369065019358e-02
1.424161912346150541e-02
1.423531056280386009e-02
1.422935271332849069e-02
1.422368824777713384e-02
1.421824455424968402e-02
1.421294293764348640e-02
1.420770797693636858e-02
1.420247487660787275e-02
1.419719357220710146e-02
1.419182952981674038e-02
1.418636206003699371e-02
1.418078131008874976e-02
1.417508496572393931e-02
1.416927534196147677e-02
1.416335716299675120e-02
1.415733606320677095e-02
1.415121769173858027e-02
1.414500725679411486e-02
1.413870935268521367e-02
1.413232794942492418e-02
1.412586646145135537e-02
1.411932784340052226e-02
1.411271468669398135e-02
1.410602930311482227e-02
1.409927379162674056e-02
1.409245008926190632e-02
1.408556000872547564e-02
1.407860526456673235e-02
1.407158749275678154e-02
1.406450826355531633e-02
1.405736909154622558e-02
1.405017144254320713e-02
1.404291674024227624e-02
1.403560637076739157e-02
1.402824168805586781e-02
1.402082401878042631e-02
1.401335466805792539e-02
1.400583492471441961e-02
1.399826606829916373e-02
1.399064937447889491e-02
1.398298612187188518e-02
1.397527759682199930e-02
1.396752509738369286e-02
1.395972993371421764e-02
1.395189342492656262e-02
1.394401688945174321e-02
1.393610162795788990e-02
1.392814889620432386e-02
1.392015986695898863e-02
1.391213557897441958e-02
1.390407687356500464e-02
1.389598431920144317e-02
1.388785812770238284e-02
1.387969806631724444e-02
1.387150337356794771e-02
1.386327268830680678e-02
1.385500400337188673e-02
1.384669465716232596e-02
1.383834137535118469e-02
1.382994037585869376e-02
1.382148754526233911e-02
1.381297869304958306e-02
1.380440988357440647e-02
1.379577784016211908e-02
1.378708040917665280e-02
1.377831706607440462e-02
1.376948943850087037e-02
1.376060181714810690e-02
1.375166162004760016e-02
1.374267977096273706e-02
1.373367095089851955e-02
1.372465367670999171e-02
1.371565016280895666e-02
1.370668592207286221e-02
1.369778907074903351e-02
1.368898931603083381e-02
1.368031662750810937e-02
1.367179962597274770e-02
1.366346376250164064e-02
1.365532940291508401e-02
1.364740997218150467e-02
1.363971033717856218e-02
1.363222561097034158e-02
1.362494053438368692e-02
1.361782953693498402e-02
1.361085749934167789e-02
1.360398115468015347e-02
1.359715098298868753e-02
1.359031339803117022e-02
1.358341300151169953e-02
1.357639469070422156e-02
1.356920544943616448e-02
1.356179570954693311e-02
1.355412023632985609e-02
1.354613854932254502e-02
1.353781493341960421e-02
1.352911812307911431e-02
1.352002075482079332e-02
1.351049868248730898e-02
1.350053024386406800e-02
1.349009555656183190e-02
1.347917591314831340e-02
1.346775334036238655e-02
1.345581038794422743e-02
1.344333021903932300e-02
1.343029708815778912e-02
1.341669731146724089e-02
1.340252085868307887e-02
1.338776372050709020e-02
1.337243122519258219e-02
1.335654248246907413e-02
1.334013610159343402e-02
1.332327723966361330e-02
1.330606584553957819e-02
1.328864563416976008e-02
1.327121281518658588e-02
1.325402291509157268e-02
1.323739324891036462e-02
1.322169795354150891e-02
1.320735238562122625e-02
1.319478466084491285e-02
1.318439457822436454e-02
1.317650407509148892e-02
1.317130769085420039e-02
1.316883440111978401e-02
1.316893159879924113e-02
1.317127715115072942e-02
1.317541777322620532e-02
1.318082461615831605e-02
1.318695313048571724e-02
1.319329514106253910e-02
1.319941548716438082e-02
1.320497106061901092e-02
1.320971444116208517e-02
1.321348660026494884e-02
1.321620348663303524e-02
1.321784045500018143e-02
1.321841721076198392e-02
1.321798472810976031e-02
1.321661468703182532e-02
1.321439139537774685e-02
1.321140585677501623e-02
1.320775153201746675e-02
1.320352133573115053e-02
1.319880546822181644e-02
1.319368976744366914e-02
1.318825435950049009e-02
1.318257247713372840e-02
1.317670940135316771e-02
1.317072154633607863e-02
1.316465575984588840e-02
1.315854892445094716e-02
1.315242794087902178e-02
1.314631013629893874e-02
1.314020409045730739e-02
1.313411081669832794e-02
1.312802519126024005e-02
1.312193749818192125e-02
1.311583495623372397e-02
1.310970311307773674e-02
1.310352702679452516e-02
1.309729219093480265e-02
1.309098519633553406e-02
1.308459415039070484e-02
1.307810889135479528e-02
1.307152104272880574e-02
1.306482395382921845e-02
1.305801256764836139e-02
1.305108324840886271e-02
1.304403359499737083e-02
1.303686225729405214e-02
1.302956876692819635e-02
1.302215338836828010e-02
1.301461699356155563e-02
1.300696095989256271e-02
1.299918709030781563e-02
1.299129755367859837e-02
1.298329484222770537e-02
1.297518174361786923e-02
1.296696132396328582e-02
1.295863691885225898e-02
1.295021212824200296e-02
1.294169081090584296e-02
1.293307707408839283e-02
1.292437525205338000e-02
1.291558986766142871e-02
1.290672556957799845e-02
1.289778703778754823e-02
1.288877884980040370e-02
1.287970530059860327e-02
1.287057017082616182e-02
1.286137644088538104e-02
1.285212595110124013e-02
1.284281901537587256e-02
1.283345399949711342e-02
1.282402688408466364e-02
1.281453083777150947e-02
1.280495583211286106e-02
1.279528833412024204e-02
1.278551111375661464e-02
1.277560320028766835e-02
1.276554001879119313e-02
1.275529372634496075e-02
1.274483376130674736e-02
1.273412760614885987e-02
1.272314175994323539e-02
1.271184290913441629e-02
1.270019928805744824e-02
1.268818222585030818e-02
1.267576788450427983e-02
1.266293920496708823e-02
1.264968808676238989e-02
1.263601782925455677e-02
1.262194585367226382e-02
1.260750669726481629e-02
1.259275521648068122e-02
1.257776985070192290e-02
1.256265567373365810e-02
1.254754680362452947e-02
1.253260756342790272e-02
1.251803162205945320e-02
1.250403825092160151e-02
1.249086489106094287e-02
1.247875552304000303e-02
1.246794492828960307e-02
1.245863981078636565e-02
1.245099877013263953e-02
1.244511398855325558e-02
1.244099788067320154e-02
1.243857753600814686e-02
1.243769853519796457e-02
1.243813789788645804e-02
1.243962407360332985e-02
1.244186059296096755e-02
1.244454962351285512e-02
1.244741222053348355e-02
1.245020322820075340e-02
1.245272012089607486e-02
1.245480619636670297e-02
1.245634925174233902e-02
1.245727715182731558e-02
1.245755164656575480e-02
1.245716155133293548e-02
1.245611608414715944e-02
1.245443885428157253e-02
1.245216275537133592e-02
1.244932583673023438e-02
1.244596812069911386e-02
1.244212926725411610e-02
1.243784695950332815e-02
1.243315587928146317e-02
1.242808714489559117e-02
1.242266809886776943e-02
1.241692234765365797e-02
1.241086997061617049e-02
1.240452783459753544e-02
1.239790996041284857e-02
1.239102790357716338e-02
1.238389112187521582e-02
1.237650730991183765e-02
1.236888269162683511e-02
1.236102226434459064e-02
1.235292999448614308e-02
1.234460896773434575e-02
1.233606149814222772e-02
1.232728920372731449e-02
1.231829305650812209e-02
1.230907341475171064e-02
1.229963005096499674e-02
1.228996218323584466e-02
1.228006852556199485e-02
1.226994737215799866e-02
1.225959673172080308e-02
1.224901453104940315e-02
1.223819891013279253e-02
1.222714862911438057e-02
1.221586361493982864e-02
1.220434566520233431e-02
1.219259933110963638e-02
1.218063299459055948e-02
1.216846013513025668e-02
1.215610077931342757e-02
1.214358309014659451e-02
1.213094502675118175e-02
1.211823596598244138e-02
1.210551812719532633e-02
1.209286759060642334e-02
1.208037465234207061e-02
1.206814322265250920e-02
1.205628897205790299e-02
1.204493597457403226e-02
1.203421171253979925e-02
1.202424049724377768e-02
1.201513562211133784e-02
1.200699086243135240e-02
1.199987220824709315e-02
1.199381088631147792e-02
1.198879871708456030e-02
1.198478662360712849e-02
1.198168667934545843e-02
1.197937753755635298e-02
1.197771255241606575e-02
1.197652951515695841e-02
1.197566076948224090e-02
1.197494255810069470e-02
1.197422273129546653e-02
1.197336632417780530e-02
1.197225888719878617e-02
1.197080775983573597e-02
1.196894166041404840e-02
1.196660906425503663e-02
1.196377582172904706e-02
1.196042241699362199e-02
1.195654117227182463e-02
1.195213361486044748e-02
1.194720813620002084e-02
1.194177801262991459e-02
1.193585980013348383e-02
1.192947209413205457e-02
1.192263461830042268e-02
1.191536760424083061e-02
1.190769141926198774e-02
1.189962640132434350e-02
1.189119286813394329e-02
1.188241127208177796e-02
1.187330247731339938e-02
1.186388814146555580e-02
1.185419118749804664e-02
1.184423635343256898e-02
1.183405080353467156e-02
1.182366478490465972e-02
1.181311230308823741e-02
1.180243177873753664e-02
1.179166663648957211e-02
1.178086575813634511e-02
1.177008371509126114e-02
1.175938067973435024e-02
1.174882190716092234e-02
1.173847667778508443e-02
1.172841661301305891e-02
1.171871332049167526e-02
1.170943538908486917e-02
1.170064485210513434e-02
1.169239333830288455e-02
1.168471824224679052e-02
1.167763931030340110e-02
1.167115607758866143e-02
1.166524653438800324e-02
1.165986728408486064e-02
1.165495527250887814e-02
1.165043095857310092e-02
1.164620260343559970e-02
1.164217121837417615e-02
1.163823565760678178e-02
1.163429737455143852e-02
1.163026446375798988e-02
1.162605475428058269e-02
1.162159786990826782e-02
1.161683630326759004e-02
1.161172564283315459e-02
1.160623414452858007e-02
1.160034185213009925e-02
1.159403945994127820e-02
1.158732707681462033e-02
1.158021301391766109e-02
1.157271267920206154e-02
1.156484762342811258e-02
1.155664475624444340e-02
1.154813572175624956e-02
1.153935640884557433e-02
1.153034655089958151e-02
1.152114936592175086e-02
1.151181117346222402e-02
1.150238092401658849e-02
1.149290957376425566e-02
1.148344924855616150e-02
1.147405214446357152e-02
1.146476914586808463e-02
1.145564816540186291e-02
1.144673225783396191e-02
1.143805760430927423e-02
1.142965151235659366e-02
1.142153061532088718e-02
1.141369947237592074e-02
1.140614976363390001e-02
1.139886023059093201e-02
1.139179744305402094e-02
1.138491737970163432e-02
1.137816771246610154e-02
1.137149060094841575e-02
1.136482575009965107e-02
1.135811346670146174e-02
1.135129747369940587e-02
1.134432729507620606e-02
1.133716009252956972e-02
1.132976191002746033e-02
1.132210834314984794e-02
1.131418469627761166e-02
1.130598571539565000e-02
1.129751499079083461e-02
1.128878411477531041e-02
1.127981166461415261e-02
1.127062205775004877e-02
1.126124430852514825e-02
1.125171070118412449e-02
1.124205538416414921e-02
1.123231289275244786e-02
1.122251661605882904e-02
1.121269723938834832e-02
1.120288121574690432e-02
1.119308934133485429e-02
1.118333552979679582e-02
1.117362588808437293e-02
1.116395819352197956e-02
1.115432185016699586e-02
1.114469836510128924e-02
1.113506233628129907e-02
1.112538288892979399e-02
1.111562544789110665e-02
1.110575369630916256e-02
1.109573155420862621e-02
1.108552501440011537e-02
1.107510369714390444e-02
1.106444202119935723e-02
1.105351993226243515e-02
1.104232317125342609e-02
1.103084310025279416e-02
1.101907612990212469e-02
1.100702281048842116e-02
1.099468665877271004e-02
1.098207279558686099e-02
1.096918647733576176e-02
1.095603160091328243e-02
1.094260926709463531e-02
1.092891648537398092e-02
1.091494509816415270e-02
1.090068099289517520e-02
1.088610365127149447e-02
1.087118605648933548e-02
1.085589494693053533e-02
1.084019136763471509e-02
1.082403143473662302e-02
1.080736720295120447e-02
1.079014750947683218e-02
1.077231866768044166e-02
1.075382489677989030e-02
1.073460839947133934e-02
1.071460903027928943e-02
1.069376353322873570e-02
1.067200435869615840e-02
1.064925809719799096e-02
1.062544358645932212e-02
1.060046975907145625e-02
1.057423329804394255e-02
1.054661616155543914e-02
1.051748301740709247e-02
1.048667860736503428e-02
1.045402502673429407e-02
1.041931887708193345e-02
1.038232821829476391e-02
1.034278923320247449e-02
1.030040251816877889e-02
1.025482895407373377e-02
1.020568519213852290e-02
1.015253894386561502e-02
1.009490451507767325e-02
1.003223942454230244e-02
9.963943567755808792e-03
9.889363349138558315e-03
9.807804661333954441e-03
9.718560789422557925e-03
9.620964493423540820e-03
9.514477924607181100e-03
9.398839546135557763e-03
9.274292863470732368e-03
9.141924359562085892e-03
9.004130163022903283e-03
8.865198511852082769e-03
8.731917226486984179e-03
8.613975551954998477e-03
8.523750230911635375e-03
8.474967542825621175e-03
8.479958172301540337e-03
8.545967225323195665e-03
8.671990517255298569e-03
8.847979318090063577e-03
9.057210802107159772e-03
9.280727501635280957e-03
9.501654368903511907e-03
9.707746908192708274e-03
9.891894255269241543e-03
1.005127073251757541e-02
1.018600232149331070e-02
1.029792361856939238e-02
1.038965608036292523e-02
1.046402094198622609e-02
1.052371223978654236e-02
1.057114287491974468e-02
1.060839368960610728e-02
1.063721788744698138e-02
1.065907148605173445e-02
1.067515318381344336e-02
1.068644493821259943e-02
1.069374918172694318e-02
1.069772115192689325e-02
1.069889608857530275e-02
1.069771168230946798e-02
1.069452638453569950e-02
1.068963423327095111e-02
1.068327681047974258e-02
1.067565286544999367e-02
1.066692605745961711e-02
1.065723118872114426e-02
1.064667922654605539e-02
1.063536135645414341e-02
1.062335226232632122e-02
1.061071277885635572e-02
1.059749204327778069e-02
1.058372923935599688e-02
1.056945501051547234e-02
1.055469260257441491e-02
1.053945878453213178e-02
1.052376458474401678e-02
1.050761587467370119e-02
1.049101382177689522e-02
1.047395523247041452e-02
1.045643279890291939e-02
1.043843526059141068e-02
1.041994749004220878e-02
1.040095050765670222e-02
1.038142143124707803e-02
1.036133336107412060e-02
1.034065520307505398e-02
1.031935142883697205e-02
1.029738177222426672e-02
1.027470085963440652e-02
1.025125777380167871e-02
1.022699554592857579e-02
1.020185057877236526e-02
1.017575199881975978e-02
1.014862094295246667e-02
1.012036979110855078e-02
1.009090136438925596e-02
1.006010812511940952e-02
1.002787144034348633e-02
9.994061003118809294e-03
9.958534566776176128e-03
9.921138226042723954e-03
9.881707605768398975e-03
9.840070499469104337e-03
9.796051770996074340e-03
9.749481715498246534e-03
9.700209623773096979e-03
9.648125036447529473e-03
9.593190132800707634e-03
9.535487820703927170e-03
9.475291140991737651e-03
9.413159952838388855e-03
9.350069191159686086e-03
9.287566788804959422e-03
9.227944751059157652e-03
9.174379490139833102e-03
9.130956488889993561e-03
9.102451457736249196e-03
9.093732269500753515e-03
9.108734751365917676e-03
9.149192514749892452e-03
9.213591987732099378e-03
9.296940416768319573e-03
9.391645529583839136e-03
9.489209451699854789e-03
9.581995147194953544e-03
9.664389320433465144e-03
9.733133497786381275e-03
9.787017721279997820e-03
9.826286438875342366e-03
9.852036942623151189e-03
9.865749872682658822e-03
9.868981172848349109e-03
9.863189987094034619e-03
9.849662362748692543e-03
9.829495519657395833e-03
9.803618155760696062e-03
9.772832468465383199e-03
9.737871409867622854e-03
9.699469985752605036e-03
9.658452376227673677e-03
9.615836800076648164e-03
9.572955737605125595e-03
9.531577195710877470e-03
9.493989293288767825e-03
9.462975131485817232e-03
9.441570962706140324e-03
9.432508657145437930e-03
9.437357103348784776e-03
9.455619417691621051e-03
9.484280213490696790e-03
9.518242397706596497e-03
9.551613948122825506e-03
9.579246134314734276e-03
9.597817753499032073e-03
9.606165999058521518e-03
9.605036026841391045e-03
9.596590771589922492e-03
9.583906640860449452e-03
9.570480204423930173e-03
9.559644610829688000e-03
9.553830332437663470e-03
9.553828870371195575e-03
9.558491694495579657e-03
9.565269939877198146e-03
9.571472969878249901e-03
9.575513824601773055e-03
9.577380546981515558e-03
9.578152760387695017e-03
9.579021101211261657e-03
9.580533345339755508e-03
9.582536817251349065e-03
9.584649555555217054e-03
9.586670273422607733e-03
9.588604247218125015e-03
9.590500380215702739e-03
9.592370314609214785e-03
9.594204457880891462e-03
9.595993766123507226e-03
9.597732488493198461e-03
9.599416163237419614e-03
9.601040945043130478e-03
9.602603547622925659e-03
9.604101206666606008e-03
9.605531623369748667e-03
9.606892908812409565e-03
9.608183532652907199e-03
9.609402277771307219e-03
9.610548200500494687e-03
9.611620594767831746e-03
9.612618961139230561e-03
9.613542979596548937e-03
9.614392485975131047e-03
9.615167450500904794e-03
9.615867960621266725e-03
9.616494204169699980e-03
9.617046456279736838e-03
9.617525066646172988e-03
9.617930449101620705e-03
9.618263072800739555e-03
9.618523453642623816e-03
9.618712146357458886e-03
9.618829740790263080e-03
9.618876853134563157e-03
9.618854123870371892e-03
9.618762211619426294e-03
9.618601790844335392e-03
9.618373547457195402e-03
9.618078177169569337e-03
9.617716381527917011e-03
9.617288867305848546e-03
9.616796343069361486e-03
9.616239518676104187e-03
9.615619103233122300e-03
9.614935803638299805e-03
9.614190324426681589e-03
9.613383365091311000e-03
9.612515621275097635e-03
9.611587782101797817e-03
9.610600531143990294e-03
9.609554545239382475e-03
9.608450493145440433e-03
9.607289037188033662e-03
9.606070831008468175e-03
9.604796520254463288e-03
9.603466742030592959e-03
9.602082125350127478e-03
9.600643289731689012e-03
9.599150846565670733e-03
9.597605398669533522e-03
9.596007538512365057e-03
9.594357851359343672e-03
9.592656912290749641e-03
9.590905288306025150e-03
9.589103537169321040e-03
9.587252207759772160e-03
9.585351840945270652e-03
9.583402968059737820e-03
9.581406112295036762e-03
9.579361788198978087e-03
9.577270502706260874e-03
9.575132753677009778e-03
9.572949030987112917e-03
9.570719816906240671e-03
9.568445585575574217e-03
9.566126803679287499e-03
9.563763929990141618e-03
9.561357415966498588e-03
9.558907705303543167e-03
9.556415235423892582e-03
9.553880435962428322e-03
9.551303729968350226e-03
9.548685533469800785e-03
9.546026255947231282e-03
9.543326300558218483e-03
9.540586063772654030e-03
9.537805936502819631e-03
9.534986302273952899e-03
9.532127539980684780e-03
9.529230022476100487e-03
9.526294116014728461e-03
9.523320182386491375e-03
9.520308577216942542e-03
9.517259651394282399e-03
9.514173750219822798e-03
9.511051214179153113e-03
9.507892378756833615e-03
9.504697574695995105e-03
9.501467128078531707e-03
9.498201360432636381e-03
9.494900588906703479e-03
9.491565126407986927e-03
9.488195281419833232e-03
9.484791358568691461e-03
9.481353658514237587e-03
9.477882478000200159e-03
9.474378110105565604e-03
9.470840844281262424e-03
9.467270966552305059e-03
9.463668759421820301e-03
9.460034502258168193e-03
9.456368471183494717e-03
9.452670939071402059e-03
9.448942175856919409e-03
9.445182448469256406e-03
9.441392021082234756e-03
9.437571155499108883e-03
9.433720111248437151e-03
9.429839145781783102e-03
9.425928514606159853e-03
9.421988470644524286e-03
9.418019263697511440e-03
9.414021139707313274e-03
9.409994340833543330e-03
9.405939106034535632e-03
9.401855673188744961e-03
9.397744282094781104e-03
9.393605176877267357e-03
9.389438607492615191e-03
9.385244827678374674e-03
9.381024089366000671e-03
9.376776634249477452e-03
9.372502684697584657e-03
9.368202438453442776e-03
9.363876070414552805e-03
9.359523744905947490e-03
9.355145638214349899e-03
9.350741964321682489e-03
9.346312998946422826e-03
9.341859088578914269e-03
9.337380637164665806e-03
9.332878066256405925e-03
9.328351753794905318e-03
9.323801964904175274e-03
9.319228794525126827e-03
9.314632146320715733e-03
9.310011763872177298e-03
9.305367321904973316e-03
9.300698566088526353e-03
9.296005476332755771e-03
9.291288410906376610e-03
9.286548187540155652e-03
9.281786062965195760e-03
9.277003590938142849e-03
9.272202366827988346e-03
9.267383696930496517e-03
9.262548256663411667e-03
9.257695818253740619e-03
9.252825126198288910e-03
9.247933978066759375e-03
9.243019533689680878e-03
9.238078827857910957e-03
9.233109414755684419e-03
9.228110033421565300e-03
9.223081163490635254e-03
9.218025342734924993e-03
9.212947146810623530e-03
9.207852782032458633e-03
9.202749308064691464e-03
9.197643576382317013e-03
9.192541033630451108e-03
9.187444578203755180e-03
9.182353673199266167e-03
9.177263894947232381e-03
9.172167043356809629e-03
9.167051861730234757e-03
9.161905320723031168e-03
9.156714332821374452e-03
9.151467689933892938e-03
9.146157968552138043e-03
9.140783134212631875e-03
9.135347598536345745e-03
9.129862534909364072e-03
9.124345340988904499e-03
9.118818235928581248e-03
9.113306089627402559e-03
9.107833687122821389e-03
9.102422719785167871e-03
9.097088854431239005e-03
9.091839244798274530e-03
9.086670819839926666e-03
9.081569602020065149e-03
9.076511193416991405e-03
9.071462432518577132e-03
9.066384090407322502e-03
9.061234361884154195e-03
9.055972827196129976e-03
9.050564519887029785e-03
9.044983732794489514e-03
9.039217220617446619e-03
9.033266504717037126e-03
9.027149046719020950e-03
9.020898130835400958e-03
9.014561376026301170e-03
9.008197897875288782e-03
9.001874248113281643e-03
8.995659381903785973e-03
8.989619021371934512e-03
8.983809884680232435e-03
8.978274310400286701e-03
8.973035809213655151e-03
8.968096005278055824e-03
8.963433296634296804e-03
8.959003377870091225e-03
8.954741570842738099e-03
8.950566724678437128e-03
8.946386309383564522e-03
8.942102258267466824e-03
8.937617106431145278e-03
8.932840023812217006e-03
8.927692419882692076e-03
8.922112885382374459e-03
8.916061312888445486e-03
8.909522087153353559e-03
8.902506253666567920e-03
8.895052571003729189e-03
8.887227327149718054e-03
8.879122787295485458e-03
8.870854141912760255e-03
8.862554868463583951e-03
8.854370517522639622e-03
8.846451083369889085e-03
8.838942308517521232e-03
8.831976474529415824e-03
8.825663401675492431e-03
8.820082470563728530e-03
8.815276459096294329e-03
8.811247833005892913e-03
8.807957862403915580e-03
8.805328601203327860e-03
8.803247429545957986e-03
8.801573584566417877e-03
8.800145941337588276e-03
8.798791272439061145e-03
8.797332296083034547e-03
8.795594996455881678e-03
8.793414892210612080e-03
8.790642147826741720e-03
8.787145581479319234e-03
8.782815739436809765e-03
8.777567282423976575e-03
8.771340928454477229e-03
8.764105172434359659e-03
8.755857940152907484e-03
8.746628236470297552e-03
8.736477747417373957e-03
8.725502230823883876e-03
8.713832400325475375e-03
8.701633905675479341e-03
8.689105919335072398e-03
8.676477812548769736e-03
8.664003468562149132e-03
8.651952926562071072e-03
8.640601363719893971e-03
8.630215794497164347e-03
8.621040315343084931e-03
8.613281154557488745e-03
8.607093047013207252e-03
8.602568512695654701e-03
8.599731368290487732e-03
8.598535292055660070e-03
8.598867575692151557e-03
8.600557480855195933e-03
8.603388036703449315e-03
8.607109772464172429e-03
8.611454823394811692e-03
8.616150051491768685e-03
8.620928189026731692e-03
8.625536450828887730e-03
8.629742467086316815e-03
8.633337712880084433e-03
8.636138819580677431e-03
8.637987258674022922e-03
8.638747907788027480e-03
8.638306969895606646e-03
8.636569652681121145e-03
8.633457937330998172e-03
8.628908694643883451e-03
8.622872350810391329e-03
8.615312254482792448e-03
8.606204867883663484e-03
8.595540874985055368e-03
8.583327275585641083e-03
8.569590502363780976e-03
8.554380548001163861e-03
8.537776019698000568e-03
8.519889928305594828e-03
8.500875874428406170e-03
8.480934101272527559e-03
8.460316661625345500e-03
8.439330714942485517e-03
8.418338776381151245e-03
8.397754661529161641e-03
8.378033979340294632e-03
8.359658426570109810e-03
8.343113860490690079e-03
8.328863147262090261e-03
8.317315961564337307e-03
8.308798772299060692e-03
8.303528882568547015e-03
8.301596300112011259e-03
8.302956295582445898e-03
8.307433886604076098e-03
8.314739544066845206e-03
8.324493646959968754e-03
8.336256046507945286e-03
8.349556761848148101e-03
8.363924282618419997e-03
8.378908947548179692e-03
8.394100077307916838e-03
8.409136651996631379e-03
8.423712167125306516e-03
8.437574787551983466e-03
8.450524100716835102e-03
8.462405710984914273e-03
8.473104725834720852e-03
8.482538928747371948e-03
8.490652193218147653e-03
8.497408465515981363e-03
8.502786485368332356e-03
8.506775284978118634e-03
8.509370435664301985e-03
8.510570960811935509e-03
8.510376817825598961e-03
8.508786848349676052e-03
8.505797105548546302e-03
8.501399483022857584e-03
8.495580592852391283e-03
8.488320864346591416e-03
8.479593861270218885e-03
8.469365847799385782e-03
8.457595660699023313e-03
8.444234981958209305e-03
8.429229142681848863e-03
8.412518624243678356e-03
8.394041465451623080e-03
8.373736818103811805e-03
8.351549928492359165e-03
8.327438834390276864e-03
8.301383068647878033e-03
8.273394596406399848e-03
8.243531101299435976e-03
8.211911509409331247e-03
8.178733273312933580e-03
8.144290414720896723e-03
8.108990605109837185e-03
8.073368733171638889e-03
8.038093537147770334e-03
8.003963273762262215e-03
7.971886360550470632e-03
7.942843897901495989e-03
7.917833277814489285e-03
7.897795686575300941e-03
7.883534671050958925e-03
7.875636891219287700e-03
7.874408221014999112e-03
7.879837256963678413e-03
7.891593785654715462e-03
7.909062875457319175e-03
7.931408135658691780e-03
7.957652470361285466e-03
7.986762797427382488e-03
8.017726722278361445e-03
8.049612959834105685e-03
8.081611876444270287e-03
8.113056505198010596e-03
8.143427069448058372e-03
8.172343301396536516e-03
8.199548948856237585e-03
8.224892268321076436e-03
8.248305397623915611e-03
8.269784578832086938e-03
8.289372410707502442e-03
8.307142708330430766e-03
8.323188130322987238e-03
8.337610470062085249e-03
8.350513358380386511e-03
8.361997048988193196e-03
8.372154939986959504e-03
8.381071490515598979e-03
8.388821220074713092e-03
8.395468515088051753e-03
8.401068008031682341e-03
8.405665335315337661e-03
8.409298120126506779e-03
8.411997064644514618e-03
8.413787062571613518e-03
8.414688274787465380e-03
8.414717126547149872e-03
8.413887202987239966e-03
8.412210029098341618e-03
8.409695726849806055e-03
8.406353542277974350e-03
8.402192238158407225e-03
8.397220342728214243e-03
8.391446238705886976e-03
8.384878075498931882e-03
8.377523476531728575e-03
8.369389013100570623e-03
8.360479409603863502e-03
8.350796447100686942e-03
8.340337534440040584e-03
8.329093925588124461e-03
8.317048579752470486e-03
8.304173677502160039e-03
8.290427841444803977e-03
8.275753139677774831e-03
8.260071992197920085e-03
8.243284140426528073e-03
8.225263883656441441e-03
8.205857823933009054e-03
8.184883404052234815e-03
8.162128561766688120e-03
8.137352872495257072e-03
8.110290616889516066e-03
8.080656294650333943e-03
8.048153230212243964e-03
8.012486068544787121e-03
7.973378143228848636e-03
7.930594869602215768e-03
7.883974403156501429e-03
7.833466689575342007e-03
7.779181504152817180e-03
7.721444885762649042e-03
7.660861193887369414e-03
7.598374628525153551e-03
7.535319507258819542e-03
7.473443579922513409e-03
7.414884841676304232e-03
7.362082471482370334e-03
7.317609867161916151e-03
7.283934183183769957e-03
7.263130420491916914e-03
7.256601541889885938e-03
7.264868051095355224e-03
7.287481532958564601e-03
7.323086338059316136e-03
7.369612946642981229e-03
7.424552736605609035e-03
7.485250089381921719e-03
7.549156130929574049e-03
7.614010826939862989e-03
7.677944986681226221e-03
7.739512294283735008e-03
7.797670716389773493e-03
7.851733897179517807e-03
7.901309651949591992e-03
7.946237478034096774e-03
7.986532045931906895e-03
8.022335823365060389e-03
8.053881460396105502e-03
8.081463106377922631e-03
8.105415146744269009e-03
8.126096635821641184e-03
8.143879783074590983e-03
8.159141054506874671e-03
8.172253753403234747e-03
8.183581263294005190e-03
8.193470475710850492e-03
8.202245259582812212e-03
8.210200123230400673e-03
8.217594451105031741e-03
8.224647823430743590e-03
8.231536930877457817e-03
8.238394474501486292e-03
8.245310223323252738e-03
8.252334136081031918e-03
8.259481203121074588e-03
8.266737478426589708e-03
8.274066687793837568e-03
8.281416815590143810e-03
8.288726174833931787e-03
8.295928614620064201e-03
8.302957682730972150e-03
8.309749706534216504e-03
8.316245865180817501e-03
8.322393397801827047e-03
8.328146122206636984e-03
8.333464443232395727e-03
8.338315012038769944e-03
8.342670170635290566e-03
8.346507285618896127e-03
8.349808046536755582e-03
8.352557778100549307e-03
8.354744796860097758e-03
8.356359827240197186e-03
8.357395481933900874e-03
8.357845805467637931e-03
8.357705875506996757e-03
8.356971456777663801e-03
8.355638701866442003e-03
8.353703896855517452e-03
8.351163252378765445e-03
8.348012745550187699e-03
8.344248024466659891e-03
8.339864392299209395e-03
8.334856896129162057e-03
8.329220551668955336e-03
8.322950742836000143e-03
8.316043838992814852e-03
8.308498076501653201e-03
8.300314748038804119e-03
8.291499735858536349e-03
8.282065407422593839e-03
8.272032864066979768e-03
8.261434491789662604e-03
8.250316707466353455e-03
8.238742723936196000e-03
8.226795076415034311e-03
8.214577569302968299e-03
8.202216225471663930e-03
8.189858773076364590e-03
8.177672203675618451e-03
8.165838009920399487e-03
8.154544875852796221e-03
8.143978856517656781e-03
8.134311428924123621e-03
8.125686181239728106e-03
8.118205256278692578e-03
8.111916898855996844e-03
8.106805490123344601e-03
8.102785245342424697e-03
8.099698316071709397e-03
8.097317444559635341e-03
8.095352690933430365e-03
8.093461215351158491e-03
8.091258756999014298e-03
8.088331355301753983e-03
8.084245989769926061e-03
8.078559116977674856e-03
8.070822466729420802e-03
8.060585845523111914e-03
8.047397028020181198e-03
8.030799071135807238e-03
8.010325560180341781e-03
7.985494429215287543e-03
7.955801120299203083e-03
7.920712018217916650e-03
7.879659380142452901e-03
7.832039438997042552e-03
7.777216078509945063e-03
7.714533536955107962e-03
7.643343060626990766e-03
7.563050300645896180e-03
7.473192322179957221e-03
7.373554819627027752e-03
7.264340186527977299e-03
7.146393059082972905e-03
7.021478013132238620e-03
6.892579733533498072e-03
6.764156709397557525e-03
6.642231032373174630e-03
6.534161701788387955e-03
6.447968838444015707e-03
6.391194909868109890e-03
6.369503834122815407e-03
6.385434419757645905e-03
6.437778713225920935e-03
6.521850068542797349e-03
6.630531872608010427e-03
6.755692062123970672e-03
6.889488636735672904e-03
7.025257813329646717e-03
7.157913896892112784e-03
7.283959841416348495e-03
7.401267703200637045e-03
7.508769698925055192e-03
7.606151673116711906e-03
7.693594162710362325e-03
7.771574392622673799e-03
7.840725393860183828e-03
7.901741603161593908e-03
7.955319196929763054e-03
8.002120895671200121e-03
8.042757242027685424e-03
8.077778535390978815e-03
8.107673401970565477e-03
8.132871332717374335e-03
8.153747485057295796e-03
8.170628716207776338e-03
8.183800265085559161e-03
8.193512806163099835e-03
8.199989790861842570e-03
8.203435120513653117e-03
8.204041273781544769e-03
8.201998040448337662e-03
8.197502007131202487e-03
8.190766869743966450e-03
8.182034518160640618e-03
8.171586592452335235e-03
8.159755866908527042e-03
8.146936321882281701e-03
8.133590165340950570e-03
8.120249444436898265e-03
8.107509420120685359e-03
8.096010869480002592e-03
8.086409293183874011e-03
8.079330977178300968e-03
8.075319000395871777e-03
8.074776102984305634e-03
8.077914621233570069e-03
8.084724879793803512e-03
8.094971218248701514e-03
8.108219156483504816e-03
8.123889654334420438e-03
8.141329707600931942e-03
8.159885157176719958e-03
8.178962574027616797e-03
8.198071542426516381e-03
8.216844515186387532e-03
8.235036562642860519e-03
8.252510518338598833e-03
8.269214019938672666e-03
8.285154265373483040e-03
8.300374715975417095e-03
8.314936179871539740e-03
8.328903145000624703e-03
8.342335122253727309e-03
8.355282121934577352e-03
8.367783150582126794e-03
8.379866649653707270e-03
8.391551986006221681e-03
8.402851346671421848e-03
8.413771622935758976e-03
8.424316056587350526e-03
8.434485558115926984e-03
8.444279690782157885e-03
8.453697359394829469e-03
8.462737263120089642e-03
8.471398170641211006e-03
8.479679071433854007e-03
8.487579243886990768e-03
8.495098272818657828e-03
8.502236037717995215e-03
8.508992686579912659e-03
8.515368604457127302e-03
8.521364381501136259e-03
8.526980783655524129e-03
8.532218725962084985e-03
8.537079248698092870e-03
8.541563494884147831e-03
8.545672687785142024e-03
8.549408106567960713e-03
8.552771058832725828e-03
8.555762846921615913e-03
8.558384729139677932e-03
8.560637874573250039e-03
8.562523312653259888e-03
8.564041884043225444e-03
8.565194197744752796e-03
8.565980610227893338e-03
8.566401242241960395e-03
8.566456060193915895e-03
8.566145051967266263e-03
8.565468533979483587e-03
8.564427626911043367e-03
8.563024934620426867e-03
8.561265449451621948e-03
8.559157682743210455e-03
8.556714988877167638e-03
8.553956998267841366e-03
8.550911022159672983e-03
8.547613222756636833e-03
8.544109291810503964e-03
8.540454332642969867e-03
8.536711642216842852e-03
8.532950134158332964e-03
8.529240253298365354e-03
8.525648403695497424e-03
8.522230133991039180e-03
8.519022559217274276e-03
8.516036702374257111e-03
8.513250568552637246e-03
8.510603760507183535e-03
8.507994326061906268e-03
8.505278267525066133e-03
8.502271848182432756e-03
8.498756516046755347e-03
8.494486039877640129e-03
8.489195347042597511e-03
8.482610577328469556e-03
8.474460024569446803e-03
8.464485861610861542e-03
8.452456796757653462e-03
8.438182032239999533e-03
8.421526999839872712e-03
8.402431319082232994e-03
8.380929153264285447e-03
8.357171578862478828e-03
8.331449692051072151e-03
8.304215924605761953e-03
8.276099565854623877e-03
8.247911069660041755e-03
8.220628897268211777e-03
8.195363146554512229e-03
8.173292763078279788e-03
8.155577993830953956e-03
8.143256367691332001e-03
8.137137015222613984e-03
8.137712076888962281e-03
8.145102949530280342e-03
8.159052607816196651e-03
8.178964973895742202e-03
8.203981840338407314e-03
8.233080785584649675e-03
8.265175773704790813e-03
8.299205277532990116e-03
8.334198722529976081e-03
8.369318350779451215e-03
8.403878492110701190e-03
8.437347002803703006e-03
8.469334487615953061e-03
8.499576467110919395e-03
8.527912542263536497e-03
8.554265366564291206e-03
8.578621126611953376e-03
8.601012394415597298e-03
8.621503648579758455e-03
8.640179415397054863e-03
8.657134808149636110e-03
8.672468165935498866e-03
8.686275488643997039e-03
8.698646382674059957e-03
8.709661263487307112e-03
8.719389594350063222e-03
8.727888966014977698e-03
8.735204847431062708e-03
8.741370856841504042e-03
8.746409418378248840e-03
8.750332690304073874e-03
8.753143668380080136e-03
8.754837382918063265e-03
8.755402136414933839e-03
8.754820736783762436e-03
8.753071706642386388e-03
8.750130457845995552e-03
8.745970435268191762e-03
8.740564233935056368e-03
8.733884695835776937e-03
8.725905976707616640e-03
8.716604556297576772e-03
8.705960124950120130e-03
8.693956225220674655e-03
8.680580454724414613e-03
8.665823936591415116e-03
8.649679646382930215e-03
8.632139049489550089e-03
8.613186364489513330e-03
8.592789648298810451e-03
8.570887829989840001e-03
8.547372829945654865e-03
8.522066031582774606e-03
8.494688630209270425e-03
8.464825754969700078e-03
8.431884684269190522e-03
8.395047864045605129e-03
8.353221697358702985e-03
8.304982204480624089e-03
8.248518820681333477e-03
8.181578315402341511e-03
8.101413066511844660e-03
8.004743391222415502e-03
7.887754951212098964e-03
7.746173200898568041e-03
7.575491991545618350e-03
7.371485574318864704e-03
7.131194995505643619e-03
6.854613244409566222e-03
6.547194845423817862e-03
6.222893043991479037e-03
5.906505327174989620e-03
5.632943382893101404e-03
5.440924923309656790e-03
5.361340798548925798e-03
5.405602508786648032e-03
5.561516764786881249e-03
5.799443139614890441e-03
6.083937102329022191e-03
6.383715134930668944e-03
6.676385515570533273e-03
6.948652502794773304e-03
7.194296341578612815e-03
7.411746800320652070e-03
7.602098582740343669e-03
7.767755264855434778e-03
7.911603746362891321e-03
8.036557182844999286e-03
8.145327394712163077e-03
8.240329690779644653e-03
8.323659137600889629e-03
8.397102541857546718e-03
8.462166285226908197e-03
8.520109544379454378e-03
8.571977727787730844e-03
8.618633809146852495e-03
8.660786659206234916e-03
8.699016185569554901e-03
8.733795351222191014e-03
8.765509251969328536e-03
8.794471449915183120e-03
8.820937760089919005e-03
8.845117690873805644e-03
8.867183738790347311e-03
8.887278753927278438e-03
8.905521600490167583e-03
8.922011336410285570e-03
8.936830147378163267e-03
8.950045256067627394e-03
8.961710020800215185e-03
8.971864420377534399e-03
8.980535098399744509e-03
8.987735114727220948e-03
8.993463521094185315e-03
8.997704847452023952e-03
9.000428552053229073e-03
9.001588465308987125e-03
9.001122236215776395e-03
8.998950782035957177e-03
8.994977751700879848e-03
8.989089037844361779e-03
8.981152422907565797e-03
8.971017526357384295e-03
8.958516337803881791e-03
8.943464795391448813e-03
8.925666111915680351e-03
8.904916892154267696e-03
8.881017544162423186e-03
8.853789085717152924e-03
8.823099158370244915e-03
8.788900792004551016e-03
8.751287918192072676e-03
8.710571213365733353e-03
8.667375446534371711e-03
8.622753389142031460e-03
8.578299502355720557e-03
8.536228094752979639e-03
8.499358653038063122e-03
8.470937337276692250e-03
8.454240134668111750e-03
8.451972009218660861e-03
8.465592934328948493e-03
8.494807526675694428e-03
8.537456048175889184e-03
8.589894815489065860e-03
8.647730091456579463e-03
8.706624462181258156e-03
8.762917121371737589e-03
8.813941110478588567e-03
8.858066301498868783e-03
8.894572073348891092e-03
8.923456130886546142e-03
8.945250952799025518e-03
8.960879221260016972e-03
8.971549285294432713e-03
8.978673510480457767e-03
8.983784369124607483e-03
8.988424810879771382e-03
8.994002352841361236e-03
9.001620408801997569e-03
9.011928290913479717e-03
9.025046385000515953e-03
9.040608342831917693e-03
9.057917657200409076e-03
9.076165815095117023e-03
9.094635439208532610e-03
9.112827648103598993e-03
9.130493680663369360e-03
9.147590199760620086e-03
9.164197792568749140e-03
9.180440789690044040e-03
9.196431733829567995e-03
9.212246236428659960e-03
9.227921403831641778e-03
9.243466373428873423e-03
9.258875204279806356e-03
9.274136777632283751e-03
9.289240361781950575e-03
9.304177728974509509e-03
9.318943310222666671e-03
9.333533584853529949e-03
9.347946378610267476e-03
9.362180331794259930e-03
9.376234568642470568e-03
9.390108518793138098e-03
9.403801827263146701e-03
9.417314308402213036e-03
9.430645919477360223e-03
9.443796740864578848e-03
9.456766958375984605e-03
9.469556847327420535e-03
9.482166757751668909e-03
9.494597100869200598e-03
9.506848337724638220e-03
9.518920968947379088e-03
9.530815526498421023e-03
9.542532566214987494e-03
9.554072662060581964e-03
9.565436401588606197e-03
9.576624381514116033e-03
9.587637204930764614e-03
9.598475479127155027e-03
9.609139813625062337e-03
9.619630819317760012e-03
9.629949107868468125e-03
9.640095291867952984e-03
9.650069985153487268e-03
9.659873804002110792e-03
9.669507368637782554e-03
9.678971305566639455e-03
9.688266250417189654e-03
9.697392851953170329e-03
9.706351776702964312e-03
9.715143714355677779e-03
9.723769383712907097e-03
9.732229537332034996e-03
9.740524963525662439e-03
9.748656482331540668e-03
9.756624932269114536e-03
9.764431143974853372e-03
9.772075900037374349e-03
9.779559885031031269e-03
9.786883638556865064e-03
9.794047536780529917e-03
9.801051839828590212e-03
9.807896851239247468e-03
9.814583231181939899e-03
9.821112481214283596e-03
9.827487570436872419e-03
9.833713597793796238e-03
9.839798307058963620e-03
9.845752199675743971e-03
9.851587973994770445e-03
9.857319075956933255e-03
9.862957302294771134e-03
9.868509632619374555e-03
9.873974744032008519e-03
9.879339902012101299e-03
9.884579053223489092e-03
9.889652908712963028e-03
9.894511589982935701e-03
9.899100046325682092e-03
9.903366009947772025e-03
9.907269799833544680e-03
9.910794873719637119e-03
9.913957693167845323e-03
9.916815242233570707e-03
9.919468489508493497e-03
9.922060294561812349e-03
9.924766837641077824e-03
9.927782629667258885e-03
9.931300433594915725e-03
9.935488705353866593e-03
9.940470026403481693e-03
9.946304071851904197e-03
9.952977807109337702e-03
9.960404049809662430e-03
9.968427773206604836e-03
9.976838123461093805e-03
9.985383440077329198e-03
9.993786670461116475e-03
1.000175925401535805e-02
1.000901249803080525e-02
1.001526639805909273e-02
1.002025659658097902e-02
1.002374067523388070e-02
1.002550525500032347e-02
1.002537546555882023e-02
1.002322823388046222e-02
1.001901046028136691e-02
1.001276233887169603e-02
1.000464465609742469e-02
9.994966725966196106e-03
9.984208828628410304e-03
9.973030268778670243e-03
9.962252824828880110e-03
9.952811308732493339e-03
9.945669622211031694e-03
9.941711581668778025e-03
9.941627289069695020e-03
9.945822130471265732e-03
9.954371887450848971e-03
9.967034150052867317e-03
9.983309101779734920e-03
1.000252975675211368e-02
1.002395779358234568e-02
1.004686576589819760e-02
1.007059542202639116e-02
1.009459051382106606e-02
1.011840815817609956e-02
1.014171512367063009e-02
1.016427529237409408e-02
1.018593319944291128e-02
1.020659693062911030e-02
1.022622226048582744e-02
1.024479891034073623e-02
1.026233917879828227e-02
1.027886885791491622e-02
1.029442018983692600e-02
1.030902657272488553e-02
1.032271872354026399e-02
1.033552202806329104e-02
1.034745483437353453e-02
1.035852746905294684e-02
1.036874177206792945e-02
1.037809096208748560e-02
1.038655965169686321e-02
1.039412383239034579e-02
1.040075064471854618e-02
1.040639772717967884e-02
1.041101190655628270e-02
1.041452694514606939e-02
1.041686000302009113e-02
1.041790641531715501e-02
1.041753234106431239e-02
1.041556484709937544e-02
1.041177909437822693e-02
1.040588258056757316e-02
1.039749699216321356e-02
1.038613933629203498e-02
1.037120599195037567e-02
1.035196662199015620e-02
1.032758015919254223e-02
1.029715281344943840e-02
1.025986766686436992e-02
1.021522300014679648e-02
1.016341052081132929e-02
1.010582229668585512e-02
1.004556856851909936e-02
9.987721903315543645e-03
9.938884235562430933e-03
9.905831840598549459e-03
9.893560859521609296e-03
9.903684946088394531e-03
9.934118078709700678e-03
9.980140809965239168e-03
1.003608431269884492e-02
1.009674208761635397e-02
1.015810017495263548e-02
1.021746512354926827e-02
1.027325888995159545e-02
1.032471148613526082e-02
1.037157743752980393e-02
1.041391996397733263e-02
1.045196394362539125e-02
1.048600334584958230e-02
1.051634701530888664e-02
1.054328975833114697e-02
1.056709956903810997e-02
1.058801509593880301e-02
1.060624981002806014e-02
1.062200086503971644e-02
1.063546151557136395e-02
1.064683626068797968e-02
1.065635765246491194e-02
1.066430293721541515e-02
1.067100748953173951e-02
1.067687067302954332e-02
1.068234901353090800e-02
1.068793248924301657e-02
1.069410324200976113e-02
1.070128203690543303e-02
1.070977434995176378e-02
1.071973145457535102e-02
1.073113917983692031e-02
1.074383822772790285e-02
1.075756914218655921e-02
1.077202771558193398e-02
1.078691587937187675e-02
1.080197793772529058e-02
1.081701883989888771e-02
1.083190675789261551e-02
1.084656507406763469e-02
1.086095922428209279e-02
1.087508270272688655e-02
1.088894489631898888e-02
1.090256193702868540e-02
1.091595069539228260e-02
1.092912543699462759e-02
1.094209642703728932e-02
1.095486977472621797e-02
1.096744794160972418e-02
1.097983050763523365e-02
1.099201494914234419e-02
1.100399730308743509e-02
1.101577267510803898e-02
1.102733559414488182e-02
1.103868023907392595e-02
1.104980056894131445e-02
1.106069038538183731e-02
1.107134335270771805e-02
1.108175299480478396e-02
1.109191268913517145e-02
1.110181567941323499e-02
1.111145514033502237e-02
1.112082434412151738e-02
1.112991700372890393e-02
1.113872789787342076e-02
1.114725390658760987e-02
1.115549558774961945e-02
1.116345937095673986e-02
1.117116029750650844e-02
1.117862495872872647e-02
1.118589388765839354e-02
1.119302222630106855e-02
1.120007722937888840e-02
1.120713134970703108e-02
1.121425049969719707e-02
1.122147851244697549e-02
1.122882033903410681e-02
1.123622735887711346e-02
1.124358779854034950e-02
1.125072378154254489e-02
1.125739477679969444e-02
1.126330618617746651e-02
1.126812214863822867e-02
1.127148334908336172e-02
1.127303323333044699e-02
1.127245869724330211e-02
1.126955261157310678e-02
1.126430288661387294e-02
1.125700232871528275e-02
1.124835227333393674e-02
1.123950519458448774e-02
1.123197711893638220e-02
1.122739201504087750e-02
1.122710945841998154e-02
1.123188368606031426e-02
1.124171440405483460e-02
1.125594508313324318e-02
1.127352721737078130e-02
1.129330952738378732e-02
1.131424924025568185e-02
1.133551654841838743e-02
1.135651466548289260e-02
1.137685283838082290e-02
1.139630259264379046e-02
1.141475465643282915e-02
1.143218372108437651e-02
1.144862216334343805e-02
1.146414116197920496e-02
1.147883690294442156e-02
1.149281983566096885e-02
1.150620561346220837e-02
1.151910711424714712e-02
1.153162755578597196e-02
1.154385508116685319e-02
1.155585922835008876e-02
1.156768948487532471e-02
1.157937579186593853e-02
1.159093055434284175e-02
1.160235154079141892e-02
1.161362504522958465e-02
1.162472880057800750e-02
1.163563430925708062e-02
1.164630842967922381e-02
1.165671419583290749e-02
1.166681093421684766e-02
1.167655380420822356e-02
1.168589295143938021e-02
1.169477258147502176e-02
1.170313050269107882e-02
1.171089911620179329e-02
1.171800948408203980e-02
1.172440088373774038e-02
1.173003866005575477e-02
1.173494217026091815e-02
1.173922048409824052e-02
1.174310532333984122e-02
1.174696114788982733e-02
1.175125026278693065e-02
1.175644694280160267e-02
1.176292644607789852e-02
1.177087828979862805e-02
1.178028289490223868e-02
1.179095270427594697e-02
1.180260644780316975e-02
1.181494055522636609e-02
1.182767759427208812e-02
1.184058930903951999e-02
1.185350116590990280e-02
1.186628675888343372e-02
1.187885821748186146e-02
1.189115606454526491e-02
1.190314004627246978e-02
1.191478144147058507e-02
1.192605697207545223e-02
1.193694442639366658e-02
1.194742026738163446e-02
1.195745972233801420e-02
1.196704004942901120e-02
1.197614769073366767e-02
1.198478956652437519e-02
1.199300740510873299e-02
1.200089146733185515e-02
1.200858696067438197e-02
1.201628514134295278e-02
1.202419492509190432e-02
1.203250054913471492e-02
1.204132098814872723e-02
1.205068834153974824e-02
1.206055233865836566e-02
1.207080435817470265e-02
1.208130742532264636e-02
1.209192114518283304e-02
1.210251736602383291e-02
1.211298795268155211e-02
1.212324839731308834e-02
1.213324081850773381e-02
1.214293834925378977e-02
1.215235060440619450e-02
1.216152725958782183e-02
1.217055484595682378e-02
1.217954264739923471e-02
1.218859839787022128e-02
1.219780127842827293e-02
1.220718315773428389e-02
1.221672548377122566e-02
1.222637136090910445e-02
1.223604635962315113e-02
1.224568059185774348e-02
1.225522660334595580e-02
1.226466951280480791e-02
1.227402684714130714e-02
1.228333748220804267e-02
1.229264332087139783e-02
1.230197178171664116e-02
1.231132752649595832e-02
1.232069656723388910e-02
1.233005859902426907e-02
1.233939931671536663e-02
1.234871584203292572e-02
1.235801379867842824e-02
1.236730025083424868e-02
1.237657856387889936e-02
1.238584808798691948e-02
1.239510685821265494e-02
1.240435381270255100e-02
1.241358902120460669e-02
1.242281287801467494e-02
1.243202558251239875e-02
1.244122715675334383e-02
1.245041760033277663e-02
1.245959694336082162e-02
1.246876523172280732e-02
1.247792251318559018e-02
1.248706883549932471e-02
1.249620424729253922e-02
1.250532879830210976e-02
1.251444253931143467e-02
1.252354552177361094e-02
1.253263779778865730e-02
1.254171941986518754e-02
1.255079044088752184e-02
