1.522493684883811693e+04
1.527201608529271834e+04
1.531938039086246863e+04
1.536703260025030613e+04
1.541497559340717271e+04
1.546321229736033456e+04
1.551174568846753937e+04
1.556057879499849878e+04
1.560971470013193175e+04
1.565915654511649154e+04
1.570890753211686024e+04
1.575897092596295261e+04
1.580935005349391577e+04
1.586004829854220770e+04
1.591106909006300702e+04
1.596241588031836181e+04
1.601409210997943774e+04
1.606610115767579373e+04
1.611844627385102831e+04
1.617113050319688227e+04
1.622415660784096144e+04
1.627752701297869862e+04
1.633124380642549659e+04
1.638530882787823430e+04
1.643972387701429761e+04
1.649449104798678309e+04
1.654961316132869979e+04
1.660509422219352564e+04
1.666093979860174295e+04
1.671715720133874493e+04
1.677375537011240885e+04
1.683074442905541582e+04
1.688813495862659329e+04
1.694593711804522900e+04
1.700415981711640779e+04
1.706281015503148228e+04
1.712189331008534282e+04
1.718141298295935849e+04
1.724137238851467555e+04
1.730177568155786503e+04
1.736262960981705328e+04
1.742394512397505969e+04
1.748573864683784268e+04
1.754803271348238195e+04
1.761085574937840647e+04
1.767424085872957585e+04
1.773822364620861117e+04
1.780283927071596190e+04
1.786811908528298591e+04
1.793408730395532257e+04
1.800075811602425529e+04
1.806813354033782889e+04
1.813620211858655603e+04
1.820493834878570487e+04
1.827430262780397607e+04
1.834424143733073652e+04
1.841468757684743468e+04
1.848556040089100861e+04
1.855676621729685576e+04
1.862819922062683690e+04
1.869974352724531127e+04
1.877127700461079439e+04
1.884267758670801413e+04
1.891383255501699023e+04
1.898465077710410333e+04
1.905507710635417243e+04
1.912510715697872729e+04
1.919479974711397517e+04
1.926428384773785001e+04
1.933375731883607295e+04
1.940347617734632149e+04
1.947373537996271989e+04
1.954484434352428070e+04
1.961710182325841743e+04
1.969077477540524706e+04
1.976608450863328108e+04
1.984320139270216532e+04
1.992224742551450254e+04
2.000330463272047564e+04
2.008642676287229187e+04
2.017165190723012711e+04
2.025901421878572364e+04
2.034855355567884908e+04
2.044032245206630978e+04
2.053439026164129245e+04
2.063084460440408293e+04
2.072979042352665056e+04
2.083134701854107698e+04
2.093564341195663656e+04
2.104281230651837177e+04
2.115298272012114830e+04
2.126627115192810379e+04
2.138277084095311875e+04
2.150253837480740913e+04
2.162557660729990312e+04
2.175181262508269720e+04
2.188106943425386271e+04
2.201303028582654588e+04
2.214719533952620259e+04
2.228283203776077789e+04
2.241892355108451011e+04
2.255412431999297769e+04
2.268673803413528367e+04
2.281474015761875125e+04
2.293587130404503841e+04
2.304782395075066597e+04
2.314852668831606570e+04
2.323649493961603730e+04
2.331117241627264593e+04
2.337315628678731809e+04
2.342420879539383168e+04
2.346702094884505277e+04
2.350478605315080495e+04
2.354071209144495879e+04
2.357761178171639040e+04
2.361765850229733405e+04
2.366232212923924089e+04
2.371244159493707775e+04
2.376836920436074433e+04
2.383012947188953331e+04
2.389755666276074044e+04
2.397039641529765140e+04
2.404837142570415017e+04
2.413121832167086177e+04
2.421870464810471458e+04
2.431063379679695936e+04
2.440684360779052076e+04
2.450720231778394736e+04
2.461160392911129748e+04
2.471996402619523360e+04
2.483221642786570374e+04
2.494831074574470767e+04
2.506821077281656835e+04
2.519189356911962750e+04
2.531934911451442895e+04
2.545058037561735546e+04
2.558560362703652936e+04
2.572444880053922316e+04
2.586715955980792569e+04
2.601379266826477397e+04
2.616441607411563382e+04
2.631910498377187105e+04
2.647793508497400398e+04
2.664097207450266069e+04
2.680825683198178740e+04
2.697978605562591110e+04
2.715548903756706932e+04
2.733520256151536887e+04
2.751864762130669624e+04
2.770541362216384368e+04
2.789495760258878727e+04
2.808662721879859964e+04
2.827971611428791948e+04
2.847355809170470457e+04
2.866766176026418179e+04
2.886188017646572916e+04
2.905660142492370142e+04
2.925293800670730707e+04
2.945288792118661149e+04
2.965944048264148660e+04
2.987660621554365935e+04
3.010936105006155776e+04
3.036350733249077894e+04
3.064546335916148018e+04
3.096199578596136053e+04
3.131990378137116204e+04
3.172565127067839057e+04
3.218492747050917023e+04
3.270210104681432858e+04
3.327952619990262610e+04
3.391666799317581172e+04
3.460904983097573859e+04
3.534709917819532711e+04
3.611508377067962283e+04
3.689047605014581495e+04
3.764420830332046171e+04
3.834228935118663503e+04
3.894903304017362098e+04
3.943165114629526215e+04
3.976531697362738487e+04
3.993733532610724069e+04
3.994911777653676108e+04
3.981535101947715157e+04
3.956073839942629274e+04
3.921545667349026189e+04
3.881065013351137895e+04
3.837492833682357741e+04
3.793225724728537170e+04
3.750114688449719688e+04
3.709478275793462672e+04
3.672170290328763076e+04
3.638669756253546075e+04
3.609172064201001194e+04
3.583670123269681062e+04
3.562021299578869366e+04
3.543999930326370668e+04
3.529337089246847609e+04
3.517749850910978421e+04
3.508962192730716197e+04
3.502719325200499588e+04
3.498796844866147148e+04
3.497005804058947251e+04
3.497194584804016631e+04
3.499248347265119810e+04
3.503086748492506740e+04
3.508660575915314985e+04
3.515947865381454176e+04
3.524949988571068388e+04
3.535688091553881532e+04
3.548200149741225323e+04
3.562538805148795655e+04
3.578770057260732574e+04
3.596972806642497017e+04
3.617239193043037812e+04
3.639675621937570395e+04
3.664404325980169233e+04
3.691565251684805116e+04
3.721317985014342412e+04
3.753843324283918628e+04
3.789343969340842887e+04
3.828043618414757657e+04
3.870183554519266181e+04
3.916015580789859814e+04
3.965789955446573003e+04
4.019736848525833921e+04
4.078039875483976357e+04
4.140800587220615125e+04
4.207993569658854540e+04
4.279413202061296761e+04
4.354615268378489418e+04
4.432859506577849243e+04
4.513062520207784837e+04
4.593773536707619496e+04
4.673187027413206670e+04
4.749204668728335673e+04
4.819553106125999329e+04
4.881953333512990503e+04
4.934323913720092969e+04
4.974987810225571593e+04
5.002846225059127755e+04
5.017486372003141150e+04
5.019203581365659193e+04
5.008937420898493292e+04
4.988139908641598595e+04
4.958605469112189894e+04
4.922294471273721138e+04
4.881176357018212730e+04
4.837108214008664072e+04
4.791754191968136729e+04
4.746543097656053578e+04
4.702656806698660512e+04
4.661040490665067773e+04
4.622426127095784614e+04
4.587362322061049781e+04
4.556245369555440266e+04
4.529348207637672749e+04
4.506845334651981830e+04
4.488832735413011687e+04
4.475342535420139029e+04
4.466352498354896670e+04
4.461790730336837441e+04
4.461536117236271093e+04
4.465415177851676708e+04
4.473196208558355283e+04
4.484581856108303327e+04
4.499201579825634690e+04
4.516605813049361313e+04
4.536263923832117871e+04
4.557568167011270998e+04
4.579845569226200314e+04
4.602378960095336515e+04
4.624437102806417533e+04
4.645312219237606041e+04
4.664361438359211024e+04
4.681047287672891980e+04
4.694971770973778621e+04
4.705899127043269255e+04
4.713764023889978853e+04
4.718664330716916447e+04
4.720840090033571323e+04
4.720642281830956927e+04
4.718495997961002286e+04
4.714862659822165733e+04
4.710205127231430379e+04
4.704958324545649521e+04
4.699506736698401801e+04
4.694169070763170021e+04
4.689189667033641308e+04
4.684735881077691738e+04
4.680900566200274625e+04
4.677708845750511682e+04
4.675128465494453121e+04
4.673083069805411651e+04
4.671467694884434604e+04
4.670165613241006213e+04
4.669065439298583078e+04
4.668077182654134958e+04
4.667145823353280139e+04
4.666261062702649360e+04
4.665462226099253166e+04
4.664837844674903317e+04
4.664520127077382494e+04
4.664675223947316408e+04
4.665490733141259989e+04
4.667162198518017249e+04
4.669880369259021973e+04
4.673820747883782315e+04
4.679136537898279494e+04
4.685955601313184161e+04
4.694381535871072265e+04
4.704498544288524135e+04
4.716379420450422185e+04
4.730095741552124673e+04
4.745729236742768262e+04
4.763383310159212851e+04
4.783193829342474783e+04
4.805338541412838822e+04
4.830044818507667514e+04
4.857595815435248369e+04
4.888335483375696640e+04
4.922673168336176604e+04
4.961088689370027714e+04
5.004138830160214275e+04
5.052466107881833159e+04
5.106810553507511213e+04
5.168025106030903407e+04
5.237095145156740182e+04
5.315162704146392934e+04
5.403556034714705311e+04
5.503825435037395800e+04
5.617786575295779767e+04
5.747572929848707281e+04
5.895699306352327403e+04
6.065138804701316985e+04
6.259415776204063877e+04
6.482717382371758868e+04
6.740025976994876692e+04
7.037273399955400964e+04
7.381515726496091520e+04
7.781121950174776430e+04
8.245960624492669012e+04
8.787551659145980375e+04
9.419121763592513162e+04
1.015545525819024770e+05
1.101236014594150620e+05
1.200546853406440496e+05
1.314797056152669247e+05
1.444678889332624094e+05
1.589676060996738379e+05
1.747284635831370833e+05
1.912156001772723976e+05
2.075484345940950734e+05
2.225178983279576642e+05
2.347372884172735212e+05
2.429338489406265435e+05
2.462936684679301397e+05
2.446989473696410132e+05
2.387309589311219170e+05
2.294484605901186005e+05
2.180733025286638003e+05
2.057271795332771144e+05
1.932889162901284581e+05
1.813632022833718802e+05
1.703163302008082392e+05
1.603367070707952953e+05
1.514943719209815899e+05
1.437887928064259468e+05
1.371831707633961923e+05
1.316273293836846133e+05
1.270721886103337747e+05
1.234784451402174891e+05
1.208212814421678195e+05
1.190920409772101557e+05
1.182969092744847003e+05
1.184517008753969130e+05
1.195709121401536104e+05
1.216485914606806618e+05
1.246292705215398310e+05
1.283710129711867194e+05
1.326114373493763560e+05
1.369598407291627082e+05
1.409439726594613458e+05
1.441209968355609162e+05
1.462153236803326290e+05
1.472073534329772810e+05
1.473165310013928101e+05
1.468920556529594760e+05
1.462775842039163108e+05
1.457121363448348129e+05
1.452938591484272038e+05
1.450032243329557532e+05
1.447634069919978210e+05
1.445027013114338042e+05
1.441871132107802259e+05
1.438174751991728845e+05
1.434108524572085298e+05
1.429859147494022618e+05
1.425568980286921433e+05
1.421325053856218874e+05
1.417167254762028169e+05
1.413103775769656058e+05
1.409126871289143164e+05
1.405224198234381911e+05
1.401384695430862776e+05
1.397600490716267668e+05
1.393866788817038178e+05
1.390181088683530106e+05
1.386542381473320711e+05
1.382950540345491318e+05
1.379405914855091542e+05
1.375909081097210292e+05
1.372460695083766477e+05
1.369061409767431905e+05
1.365711829886042397e+05
1.362412488932310371e+05
1.359163838953681989e+05
1.355966247900429298e+05
1.352820001324390178e+05
1.349725306584742211e+05
1.346682298423293105e+05
1.343691045217298379e+05
1.340751555468979641e+05
1.337863784248030570e+05
1.335027639463252854e+05
1.332242987828534970e+05
1.329509660467228387e+05
1.326827458199003304e+05
1.324196156420489715e+05
1.321615509650924650e+05
1.319085255700920243e+05
1.316605119466614269e+05
1.314174816293771437e+05
1.311794054848863161e+05
1.309462539358901558e+05
1.307179971055362403e+05
1.304946048591759609e+05
1.302760467196915997e+05
1.300622916302079975e+05
1.298533075490681804e+05
1.296490608773980930e+05
1.294495157519708300e+05
1.292546332834907953e+05
1.290643708834284625e+05
1.288786819013812637e+05
1.286975158733219287e+05
1.285208197519725509e+05
1.283485405245734000e+05
1.281806296028959041e+05
1.280170492511759221e+05
1.278577811007484270e+05
1.277028364536562731e+05
1.275522676219618006e+05
1.274061790189527819e+05
1.272647361726923409e+05
1.271281703638298932e+05
1.269967763107290957e+05
1.268709003680148307e+05
1.267509171874189196e+05
1.266371938135602250e+05
1.265300417814696120e+05
1.264296598580126447e+05
1.263360724025653326e+05
1.262490705120248022e+05
1.261681646510101855e+05
1.260925578150861256e+05
1.260211470325630362e+05
1.259525581015164353e+05
1.258852141777563666e+05
1.258174339595276542e+05
1.257475507382568612e+05
1.256740405996330228e+05
1.255956473235817975e+05
1.255114933388387290e+05
1.254211700205804518e+05
1.253248057024882437e+05
1.252231145715989405e+05
1.251174326838987763e+05
1.250097475363926496e+05
1.249027245435766235e+05
1.247997278091359331e+05
1.247048250950294314e+05
1.246227597928356408e+05
1.245588682125596533e+05
1.245189206423995201e+05
1.245088707210801222e+05
1.245345099229930784e+05
1.246010410509449139e+05
1.247126035868872277e+05
1.248718003020967735e+05
1.250792839623030304e+05
1.253334617624636303e+05
1.256303622425106005e+05
1.259636872766821471e+05
1.263250456134393171e+05
1.267043409350102011e+05
1.270902720728536515e+05
1.274708985578316933e+05
1.278342301917137374e+05
1.281688110261147376e+05
1.284642808306250226e+05
1.287119058766648668e+05
1.289050724198021780e+05
1.290397297292689036e+05
1.291147569219425204e+05
1.291322137326070515e+05
1.290974261130280647e+05
1.290188598060447548e+05
1.289077531738763355e+05
1.287775140701641212e+05
1.286429279109317577e+05
1.285192637319436908e+05
1.284213892688543419e+05
1.283630064343309787e+05
1.283560941773219238e+05
1.284106042344265006e+05
1.285344087601245119e+05
1.287334592431060009e+05
1.290120909016670339e+05
1.293733975116164947e+05
1.298196052087052085e+05
1.303523849426312372e+05
1.309730567881967290e+05
1.316826519347511639e+05
1.324818088159552426e+05
1.333704895749571733e+05
1.343475146680984180e+05
1.354099304046379693e+05
1.365522501816919248e+05
1.377656467141684552e+05
1.390372173188126180e+05
1.403494883766797138e+05
1.416803518045352248e+05
1.430036131655711215e+05
1.442902581701210584e+05
1.455104073449949210e+05
1.466357513582843821e+05
1.476420959994836885e+05
1.485115621030884795e+05
1.492340289329405059e+05
1.498075758318621665e+05
1.502379104273063422e+05
1.505369883474483504e+05
1.507211611904483580e+05
1.508092114172148576e+05
1.508205651337585005e+05
1.507738610702290898e+05
1.506859403148278070e+05
1.505712344634956389e+05
1.504414790782544587e+05
1.503056602213997394e+05
1.501701046422858781e+05
1.500386383956148347e+05
1.499127566293083655e+05
1.497917645572624751e+05
1.496728637394191464e+05
1.495511689832852280e+05
1.494196492496737628e+05
1.492689924616777280e+05
1.490873998309789167e+05
1.488603217404137249e+05
1.485701557253633218e+05
1.481959394679949619e+05
1.477130904319357942e+05
1.470932708711932646e+05
1.463044951939344173e+05
1.453116462068233232e+05
1.440776241063577763e+05
1.425654038875946426e+05
1.407412949328059913e+05
1.385796307528448233e+05
1.360688973544424807e+05
1.332188670393048087e+05
1.300676299950862740e+05
1.266866430857533269e+05
1.231814010815594957e+05
1.196856015195810760e+05
1.163481210513462574e+05
1.133145646363917767e+05
1.107075853979518288e+05
1.086111974889837147e+05
1.070631149579756457e+05
1.060562775609329983e+05
1.055477130824917840e+05
1.054711562015537493e+05
1.057498193635206117e+05
1.063068479252623074e+05
1.070724265307247551e+05
1.079876200606205530e+05
1.090056298860462994e+05
1.100913097711445589e+05
1.112196956919441000e+05
1.123741162218788668e+05
1.135442579983039323e+05
1.147244042700696300e+05
1.159119520885169477e+05
1.171062395646309742e+05
1.183076696726402006e+05
1.195170927874954068e+05
1.207353998943261686e+05
1.219632772778351791e+05
1.232010778905746702e+05
1.244487720291365986e+05
1.257059484427432617e+05
1.269718455448386812e+05
1.282454002691714704e+05
1.295253089740508294e+05
1.308101007864908897e+05
1.320982287937390793e+05
1.333881886367182597e+05
1.346786772844091174e+05
1.359688066519359418e+05
1.372583867417364381e+05
1.385482901996411674e+05
1.398409035843905003e+05
1.411406593535308784e+05
1.424546262655142345e+05
1.437931155599370832e+05
1.451702387105171219e+05
1.466043348155759159e+05
1.481181786404352169e+05
1.497388905382774828e+05
1.514975012387033494e+05
1.534281758305012190e+05
1.555671625975424540e+05
1.579515877486612590e+05
1.606182481089317007e+05
1.636025471586993081e+05
1.669376711155299854e+05
1.706540182007135300e+05
1.747787889263568213e+05
1.793355309769767046e+05
1.843433138605383574e+05
1.898150800773154479e+05
1.957545652626873925e+05
2.021509809317454346e+05
2.089704021568296012e+05
2.161425276307947934e+05
2.235413018401458685e+05
2.309581161775799410e+05
2.380675917460337223e+05
2.443894411473332148e+05
2.492571420215248363e+05
2.518159218152039393e+05
2.510856775570580503e+05
2.461266035840343684e+05
2.363141819827158761e+05
2.216521606915675802e+05
2.029637847740774741e+05
1.818008424598614220e+05
1.600590484174215235e+05
1.394857880966248340e+05
1.213227294197505107e+05
1.061991823711575125e+05
9.422766413789706712e+04
8.518313748248225602e+04
7.867213886271468073e+04
7.425184837792871986e+04
7.149750007581824320e+04
7.003191790930864227e+04
6.953226199611331685e+04
6.972528096802486107e+04
7.037823003449986572e+04
7.128966779116848193e+04
7.228262763415540394e+04
7.320170394834909530e+04
7.391482358759897761e+04
7.431938171907342621e+04
7.435080294008826604e+04
7.398985904101419146e+04
7.326434281619481044e+04
7.224211615614364564e+04
7.101606908881674462e+04
6.968528765193680010e+04
6.833828467172794626e+04
6.704260371056025906e+04
6.584183747232309543e+04
6.475830872576135152e+04
6.379856303984897386e+04
6.295922294446084561e+04
6.223179139388046315e+04
6.160595149819707149e+04
6.107149603327506338e+04
6.061925207229900843e+04
6.024137750628180220e+04
5.993132220504403085e+04
5.968364570233973791e+04
5.949380023216494010e+04
5.935793144642125844e+04
5.927271565926886251e+04
5.923523526878240227e+04
5.924288663467646984e+04
5.929331257976105553e+04
5.938435186697280733e+04
5.951399887093988218e+04
5.968036737704214465e+04
5.988165276168000855e+04
6.011608664045423939e+04
6.038187787493931683e+04
6.067713407648097927e+04
6.099975936081066902e+04
6.134732838461646315e+04
6.171694489156585769e+04
6.210510619781049900e+04
6.250761307910275355e+04
6.291958466998941003e+04
6.333565415163344733e+04
6.375042300702882494e+04
6.415922765740229806e+04
6.455921378774259938e+04
6.495062378918342438e+04
6.533810233898800652e+04
6.573175165203998040e+04
6.614766085791753721e+04
6.660771083450314472e+04
6.713859438947685703e+04
6.777013325867013191e+04
6.853305059029909899e+04
6.945633010178369295e+04
7.056416731051370152e+04
7.187234402320875961e+04
7.338371408471933682e+04
7.508248073606652906e+04
7.692721488430569298e+04
7.884328858528049022e+04
8.071672471974193468e+04
8.239326033132593147e+04
8.368784152994034230e+04
8.440896936325739080e+04
8.439722751916447305e+04
8.356824730742421525e+04
8.194259951137421012e+04
7.964672692711900163e+04
7.688238626516815566e+04
7.387832067905635631e+04
7.084458291450909746e+04
6.794380308960950060e+04
6.528220628638328344e+04
6.291498758567203913e+04
6.085849295576754957e+04
5.910341768489389506e+04
5.762597302920126822e+04
5.639606621268133313e+04
5.538266709051557700e+04
5.455695288599549531e+04
5.389386552728270181e+04
5.337261091948984540e+04
5.297649088348080841e+04
5.269233085996656155e+04
5.250965988070191815e+04
5.241971388915719581e+04
5.241426744390942622e+04
5.248425608508298319e+04
5.261814456204546877e+04
5.280004909002327622e+04
5.300776946459069586e+04
5.321115525850814447e+04
5.337159024679928552e+04
5.344366860659560916e+04
5.338001900421877508e+04
5.313932870305707911e+04
5.269592807182840625e+04
5.204763963962117123e+04
5.121838934193539171e+04
5.025406231731641310e+04
4.921320591240773501e+04
4.815626746463726886e+04
4.713685303984361235e+04
4.619665960034573800e+04
4.536381274574677809e+04
4.465333422771845653e+04
4.406842332583037933e+04
4.360174614956443838e+04
4.323658487440220779e+04
4.294825556921441603e+04
4.270647370569885243e+04
4.247914804521732003e+04
4.223735821165561356e+04
4.196031844625248777e+04
4.163861241610742582e+04
4.127444462510810990e+04
4.087891906528139225e+04
4.046758740601809404e+04
4.005596209882899711e+04
3.965629634916891519e+04
3.927614100992933527e+04
3.891846816166834469e+04
3.858274649923622928e+04
3.826630885862957803e+04
3.796556491279023612e+04
3.767688581399854593e+04
3.739715781377467647e+04
3.712404901316181349e+04
3.685603932276866544e+04
3.659228424975170492e+04
3.633240365778682462e+04
3.607627774317395233e+04
3.582389677897928050e+04
3.557527325662464136e+04
3.533040258609685407e+04
3.508925288179798372e+04
