1.660877146639181540e-02
1.659281177253519104e-02
1.657688474408455792e-02
1.656099652106250708e-02
1.654515436807959053e-02
1.652936688548796093e-02
1.651364426148732578e-02
1.649799854101516305e-02
1.648244381353957885e-02
1.646699573822435481e-02
1.645166945964615310e-02
1.643647609319014852e-02
1.642142178811246619e-02
1.640651681338203133e-02
1.639179639065637892e-02
1.637733882322153778e-02
1.636325635727219410e-02
1.634964755574613154e-02
1.633653042349256235e-02
1.632379575540407468e-02
1.631121338854803898e-02
1.629849774991201650e-02
1.628540947976180389e-02
1.627184962239496338e-02
1.625790534698100601e-02
1.624383575610349045e-02
1.623001856501494339e-02
1.621688476315977928e-02
1.620485389495701298e-02
1.619427523466498639e-02
1.618538641451654561e-02
1.617830209824639917e-02
1.617302914045621112e-02
1.616948467225160641e-02
1.616749109058707515e-02
1.616674062723111316e-02
1.616675502545355039e-02
1.616690095332281099e-02
1.616652303114196262e-02
1.616518098704375003e-02
1.616286148298551328e-02
1.616001095908371418e-02
1.615736232190679092e-02
1.615566301584749065e-02
1.615541901145381778e-02
1.615669778931547521e-02
1.615898827014579375e-02
1.616113023213139668e-02
1.616137407477766935e-02
1.615765880496299392e-02
1.614815220680020091e-02
1.613194172901200041e-02
1.610956018739298154e-02
1.608297911386577864e-02
1.605498463288446490e-02
1.602828598080670297e-02
1.600486404702210555e-02
1.598580733783146191e-02
1.597152556595791972e-02
1.596208371037015697e-02
1.595746517833463926e-02
1.595770156467294157e-02
1.596289368245426554e-02
1.597317698638089228e-02
1.598867280045932621e-02
1.600944558718675123e-02
1.603547040138891822e-02
1.606660889316489579e-02
1.610259291109694679e-02
1.614301920435661647e-02
1.618736374670498926e-02
1.623502070520968857e-02
1.628532872795930911e-02
1.633744077322781679e-02
1.638984876593896356e-02
1.643984620876843411e-02
1.648408444844003812e-02
1.652057817952741134e-02
1.655003343846451341e-02
1.657505167885114927e-02
1.659862379205557029e-02
1.662332863863252852e-02
1.665122909904878309e-02
1.668400177456319175e-02
1.672301270216628929e-02
1.676922226310918057e-02
1.682287493688562618e-02
1.688297325923671793e-02
1.694662117465223217e-02
1.700852618060572433e-02
1.706129698113531545e-02
1.709739761977685860e-02
1.711293282458462364e-02
1.711140935693512832e-02
1.710415795355234303e-02
1.710632366655218117e-02
1.713156943692123457e-02
1.718937356395690980e-02
1.728575885063488374e-02
1.742595635644808225e-02
1.761751828118634719e-02
1.787327040113965287e-02
1.821407802657275601e-02
1.867158863101078814e-02
1.929084851760880584e-02
2.013118839405355492e-02
2.125893324003199497e-02
2.271370324631517487e-02
2.441416265912975739e-02
2.599966331356963825e-02
2.680906364002220293e-02
2.635771123727653070e-02
2.490306066869490270e-02
2.314930112066991910e-02
2.160290569513921566e-02
2.042590665286942928e-02
1.958830838802801122e-02
1.899688918122217560e-02
1.855637853550972174e-02
1.819759630010174892e-02
1.788495465039589838e-02
1.760704077366988252e-02
1.736253813730480669e-02
1.715149810113477183e-02
1.697261371730055327e-02
1.682333477308402617e-02
1.670060123107933864e-02
1.660141756302908195e-02
1.652316161300586631e-02
1.646369211277415659e-02
1.642132310902002373e-02
1.639470478078016574e-02
1.638263407738015098e-02
1.638382275317092768e-02
1.639668198569415106e-02
1.641924149387077175e-02
1.644937830722947858e-02
1.648550502499223844e-02
1.652769650877902383e-02
1.657895826296912345e-02
1.664621160006075906e-02
1.674076388166873333e-02
1.687838449801192658e-02
1.707915707912726830e-02
1.736672157304770814e-02
1.776534381842818575e-02
1.829185619288502609e-02
1.893957984076569123e-02
1.965729947976929334e-02
2.034111421142250492e-02
2.086490218421570980e-02
2.114365337360463865e-02
2.117485269277216350e-02
2.102035687750489906e-02
2.075812800503514660e-02
2.044851226715423825e-02
2.012594706712124426e-02
1.980481846296518536e-02
1.948852939441393650e-02
1.917700421009831818e-02
1.887158852633012349e-02
1.857768502859578202e-02
1.830588055226960512e-02
1.807239745330948763e-02
1.789958547119080770e-02
1.781694245317113137e-02
1.786288504803344029e-02
1.808717788766484730e-02
1.855342225123874506e-02
1.934005312083604891e-02
2.053684650780726595e-02
2.223279302337518443e-02
2.449279484430209181e-02
2.732772690050005657e-02
3.067253317108950897e-02
3.438867359035666094e-02
3.829214083709060745e-02
4.218932646445428675e-02
4.590137326289770586e-02
4.927223689906450738e-02
5.216822581127908420e-02
5.447843740333767337e-02
5.612052839696624745e-02
5.705046925542081593e-02
5.727121863186469819e-02
5.683478023329607831e-02
5.583493168784013638e-02
5.439226395617522553e-02
5.263629713290321477e-02
5.068974169701737087e-02
4.865798663880253200e-02
4.662431205079672208e-02
4.464957637812114188e-02
4.277454070189166957e-02
4.102324147976954549e-02
3.940639712928013100e-02
3.792440374641259382e-02
3.656987592046288121e-02
3.532992539392502962e-02
3.418842202243437683e-02
3.312837643381263963e-02
3.213434997037739604e-02
3.119454165205912816e-02
3.030209870556261828e-02
2.945535223656019566e-02
2.865703602261909441e-02
2.791289043821252799e-02
2.723018298489311359e-02
2.661656523271464445e-02
2.607945448287873891e-02
2.562592746399134855e-02
2.526300754552682562e-02
2.499821103724773896e-02
2.484023747065268808e-02
2.479970325352803817e-02
2.488980068774797327e-02
2.512671117763502077e-02
2.552953268609934115e-02
2.611944231235355240e-02
2.691787858508049372e-02
2.794375088182257660e-02
2.921004647984294308e-02
3.072053295368105258e-02
3.246730268953499504e-02
3.442952783395930583e-02
3.657318611644765766e-02
3.885111072390093345e-02
4.120286414910431794e-02
4.355463161014858087e-02
4.582018130349092139e-02
4.790444154110688746e-02
4.971092002389151943e-02
5.115284187177596836e-02
5.216587995951037227e-02
5.271865577839503908e-02
5.281713080983015812e-02
5.250102562362617131e-02
5.183354923335259379e-02
5.088815784389087715e-02
4.973648674886983756e-02
4.844023141588820608e-02
4.704772967669556410e-02
4.559441494635394637e-02
4.410561346398927246e-02
4.260016086396736096e-02
4.109371413809544127e-02
3.960112116363266599e-02
3.813763924792953203e-02
3.671909246302309388e-02
3.536121399581756974e-02
3.407844105099762377e-02
3.288236916107587643e-02
3.178000082874514465e-02
3.077194454811923302e-02
2.985093915860374467e-02
2.900150660493209381e-02
2.820187202155094441e-02
2.742890529171265052e-02
2.666515497074038385e-02
2.590490662237997926e-02
2.515582652826265850e-02
2.443535753935901361e-02
2.376441114795098397e-02
2.316190423681720525e-02
2.264204596915805889e-02
2.221420648510324253e-02
2.188424110890984514e-02
2.165623863426615128e-02
2.153411018570935628e-02
2.152280325307463771e-02
2.162909012381122875e-02
2.186190533946856876e-02
2.223213308117212572e-02
2.275163237150745060e-02
2.343114498342048491e-02
2.427663608235681655e-02
2.528369522157624533e-02
2.643014446280502958e-02
2.766824606496132502e-02
2.891987909496747389e-02
3.007971904599415422e-02
3.103052979328408886e-02
3.166912328044482056e-02
3.193343282430542718e-02
3.181750978602237989e-02
3.136732785730472067e-02
3.066170680764950668e-02
2.978954014475394471e-02
2.883268342045858593e-02
2.785765180172339317e-02
2.691436215477088778e-02
2.603850716758986800e-02
2.525465929802638357e-02
2.457848767000827064e-02
2.401772427838067339e-02
2.357249486171841130e-02
2.323603262356470356e-02
2.299643397205442322e-02
2.283923543320247676e-02
2.274990603002184641e-02
2.271535739875992638e-02
2.272411340157110340e-02
2.276533830819727974e-02
2.282721201209344727e-02
2.289522648706803290e-02
2.295103552347696821e-02
2.297257019060958486e-02
2.293607431452709608e-02
2.282022626931003856e-02
2.261148696529027141e-02
2.230867765912707829e-02
2.192453536635225603e-02
2.148322814903978056e-02
2.101485482378846401e-02
2.054928382594109135e-02
2.011144238774230722e-02
1.971892864489294822e-02
1.938166716057447558e-02
1.910283507411590642e-02
1.888031882759780636e-02
1.870820090612734451e-02
1.857801214603859233e-02
1.847968372230728712e-02
1.840230001031009296e-02
1.833486591693303178e-02
1.826729399594021960e-02
1.819164536916797331e-02
1.810337710344606110e-02
1.800210795310357506e-02
1.789144419361245186e-02
1.777775354524102625e-02
1.766827152790603761e-02
1.756923116470070559e-02
1.748465084148394938e-02
1.741607289661646976e-02
1.736315762250653649e-02
1.732477372557113954e-02
1.730015496328433239e-02
1.728977031274908649e-02
1.729572543557923725e-02
1.732170444263203893e-02
1.737261876167246755e-02
1.745419505981626526e-02
1.757270683685782653e-02
1.773495330292157793e-02
1.794848249664919917e-02
1.822199016609150901e-02
1.856581505415595690e-02
1.899247761859497105e-02
1.951722875886455558e-02
2.015856577310293565e-02
2.093859582594895935e-02
2.188295120531782295e-02
2.301961591411467653e-02
2.437540312108549614e-02
2.596781944453464136e-02
2.778878961825689831e-02
2.977632277300781144e-02
3.177436081412240987e-02
3.349676009184807818e-02
3.454103572022769464e-02
3.451031079898593534e-02
3.322760259334578414e-02
3.088008296452344689e-02
2.793238283331311508e-02
2.488315556028937794e-02
2.208064087717888715e-02
1.968705724858075753e-02
1.773187606357374407e-02
1.617691036885605602e-02
1.496083335932863780e-02
1.402210658017855396e-02
1.330822828253475781e-02
1.277814440691914938e-02
1.240188253782776792e-02
1.215940789815024049e-02
1.203957952000953881e-02
1.203953220987876056e-02
1.216454227775996995e-02
1.242822795491891480e-02
1.285260660805347815e-02
1.346687234782052885e-02
1.430251740969647016e-02
1.538076612026323398e-02
1.668799657093576055e-02
1.814146176401765231e-02
1.956751618977828344e-02
2.073489195923147732e-02
2.145743331382964775e-02
2.169405027191014315e-02
2.155004396845407871e-02
2.118969476673925739e-02
2.075033289138874734e-02
2.031136880118361576e-02
1.991047230658373954e-02
1.957270577200447351e-02
1.932080472572146948e-02
1.916600544338565443e-02
1.910439259277813343e-02
1.912643287911261480e-02
1.922652104933274958e-02
1.940498732712802113e-02
1.966277907461129459e-02
1.998877758489784814e-02
2.035951021554548504e-02
2.080199292486763912e-02
2.147942872327973304e-02
2.264353001678508226e-02
2.447957505725454827e-02
2.691938116177207060e-02
2.930488167982050335e-02
3.028391233180758452e-02
2.911217561759341793e-02
2.686258736057966709e-02
2.496147593726667432e-02
2.394480609783708816e-02
2.378090864342596866e-02
2.432402182684027456e-02
2.547320370564919514e-02
2.719535321299468289e-02
2.951858809656773483e-02
3.252728991172097739e-02
3.636508306292330489e-02
4.124702456625812391e-02
4.748277222003509379e-02
5.551453703494761693e-02
6.597663590340351047e-02
7.978762480390030887e-02
9.829113031254414767e-02
1.234648357980775296e-01
1.582062850446595559e-01
2.066352174881402604e-01
2.740919471076220804e-01
3.657544589514535871e-01
4.813623303103272133e-01
6.039481214073822990e-01
6.924514826497468745e-01
7.058312475086331306e-01
6.459439015308678922e-01
5.513279107136285218e-01
4.563839257804865879e-01
3.760026994008938694e-01
3.124249439693875252e-01
2.632403410190475856e-01
2.252274692824591529e-01
1.955959395805384748e-01
1.722070339799463834e-01
1.534900716298897572e-01
1.383052235973208921e-01
1.258238610643143129e-01
1.154388133561647933e-01
1.067006993714620100e-01
9.927372122652267095e-02
9.290504622049965133e-02
8.740328132290434149e-02
8.262277691010168346e-02
7.845158383997782869e-02
7.480177587502866154e-02
7.160157565202469876e-02
6.878922907740070425e-02
6.630879824687330171e-02
6.410802180357041968e-02
6.213817380130594314e-02
6.035553181466836448e-02
5.872371765279325168e-02
5.721591394674391956e-02
5.581592075587968327e-02
5.451732212781870007e-02
5.332065775538998020e-02
5.222923062452978354e-02
5.124467342263037961e-02
5.036340718462604255e-02
4.957467909050608523e-02
4.886022621635776469e-02
4.819517957326457935e-02
4.754979648265847403e-02
4.689191100030518783e-02
4.619028682626494936e-02
4.541896883453605538e-02
4.456212646238882219e-02
4.361803587796442977e-02
4.260041831607484786e-02
4.153595341610360342e-02
4.045838975974788004e-02
3.940132846065207139e-02
3.839236079270916951e-02
3.745045897979885907e-02
3.658695773057345918e-02
3.580900989386977956e-02
3.512364632712365597e-02
3.454066418630328400e-02
3.407340665124827805e-02
3.373760277878452840e-02
3.354916775419777841e-02
3.352185311868843137e-02
3.366505277747480068e-02
3.398146067168311690e-02
3.446403369413916090e-02
3.509206105843523660e-02
3.582707876419073678e-02
3.661072333373086712e-02
3.736768494226514609e-02
3.801624115153978689e-02
3.848535805442409446e-02
3.873228393871987196e-02
3.875224028454497815e-02
3.857545818887581773e-02
3.825398541957183290e-02
3.784534859630135639e-02
3.739937736177152694e-02
3.695072032348695884e-02
3.651646342247488741e-02
3.609731286631177871e-02
3.568131422030975525e-02
3.524977426664920727e-02
3.478490264380584840e-02
3.427755426203944050e-02
3.373235065944798355e-02
3.316796798676463487e-02
3.261276504908969948e-02
3.209836669043446278e-02
3.165429996462972712e-02
3.130531388524671055e-02
3.107124629600083524e-02
3.096839131000849246e-02
3.101132161606355575e-02
3.121450702960687495e-02
3.159343552318318038e-02
3.216512833854246606e-02
3.294797742225288872e-02
3.396074553676770025e-02
3.522040075823199695e-02
3.673824111337394005e-02
3.851358358397576759e-02
4.052436498752526317e-02
4.271474317009055915e-02
4.498180058735935100e-02
4.716705522472086631e-02
4.906232185516550687e-02
5.043941811731492142e-02
5.110355160832628918e-02
5.095201398543992150e-02
5.000734529664933176e-02
4.840459720137481325e-02
4.634115670141936150e-02
4.401843425750337491e-02
4.160107981726431092e-02
3.920149594875953908e-02
3.688329819530140191e-02
3.467356321464058061e-02
3.257636844464338599e-02
3.058397647773991243e-02
2.868467429202037344e-02
2.686752634235210421e-02
2.512469985234395617e-02
2.345207146759180697e-02
2.184877659454722773e-02
2.031629674550953016e-02
1.885758196363114189e-02
1.747654165432495355e-02
1.617801375550792856e-02
1.496807757096208294e-02
1.385437932161734040e-02
1.284608233366179436e-02
1.195319335135830094e-02
1.118529978314135830e-02
1.055005662142832409e-02
1.005189495412438759e-02
9.691306400278352357e-03
9.464776917116217436e-03
9.365163564653078768e-03
9.382178370781322010e-03
9.502688498129326436e-03
9.710717361833267128e-03
9.987262668383010619e-03
1.031026971122414419e-02
1.065522472633079198e-02
1.099675463089484946e-02
1.131125831702156984e-02
1.158003014383898223e-02
1.179188742793997949e-02
1.194434692234681850e-02
1.204298671024898321e-02
1.209940593001944918e-02
1.212866802807114307e-02
1.214705777313725837e-02
1.217060074949028944e-02
1.221437878640974257e-02
1.229243656263018063e-02
1.241801586669176623e-02
1.260391058524300105e-02
1.286283616287225290e-02
1.320780415193130962e-02
1.365257731847579863e-02
1.421233934953858996e-02
1.490473850314867794e-02
1.575144619032386659e-02
1.678030948820725954e-02
1.802809426758155212e-02
1.954375317503137879e-02
2.139214158454425321e-02
2.365813030828988264e-02
2.645103859212437694e-02
2.990906656679332906e-02
3.420267274776356281e-02
3.953421568050435181e-02
4.612808114037913326e-02
5.420043965553293652e-02
6.389138678951300498e-02
7.513961889277659401e-02
8.749610386322544120e-02
9.993388765355820658e-02
1.108185847336368018e-01
1.182552546897587264e-01
1.208170155590610195e-01
1.182239267310377234e-01
1.114239740645085602e-01
1.020478629794341202e-01
9.172964596193114439e-02
8.170584015225959562e-02
7.273228509079479598e-02
6.516487937739702530e-02
5.907407146284221477e-02
5.434342122452027329e-02
5.074987104728162501e-02
4.803107084251846681e-02
4.593686802794687274e-02
4.425906282424715149e-02
4.283990719764312061e-02
4.156690798903822648e-02
4.036275305600050406e-02
3.917594194317413486e-02
3.797402716588845623e-02
3.673926099524920524e-02
3.546578302795177356e-02
3.415753585124322450e-02
3.282634668362724439e-02
3.148985769255108202e-02
3.016920680592868192e-02
2.888658676962250343e-02
2.766302893850963035e-02
2.651688200968971287e-02
2.546335060710992748e-02
2.451504384529530622e-02
2.368282986814600199e-02
2.297579334647034677e-02
2.239959573202165294e-02
2.195451608726291942e-02
2.163610100070988140e-02
2.143966717377840392e-02
2.136627895414398848e-02
2.142719178834861377e-02
2.164639249604839721e-02
2.206297878390369935e-02
2.273537962535353979e-02
2.374911799414743119e-02
2.522965661698686746e-02
2.736030211803943540e-02
3.039554869972312112e-02
3.462243881895368802e-02
4.011798931885817571e-02
4.605210273645280600e-02
4.995682900668813042e-02
4.926973392963548970e-02
4.465264267318900387e-02
3.897956881071342611e-02
3.410253894054873086e-02
3.043183900346822096e-02
2.778671115099078451e-02
2.589714709670083714e-02
2.455068799392640111e-02
2.360915660811600120e-02
2.299346857779500583e-02
2.265912578205983921e-02
2.256270180614971740e-02
2.263203966163605460e-02
2.277292559454248758e-02
2.291258618178336134e-02
2.302710787921176047e-02
2.312864507241409184e-02
2.324056806197118477e-02
2.338343164057885351e-02
2.357193818235561733e-02
2.381657692176254379e-02
2.412603632727497102e-02
2.450907295462361607e-02
2.497570061588888848e-02
2.553786502540385250e-02
2.620975907719619996e-02
2.700785094801211664e-02
2.795067015722577791e-02
2.905851209524666287e-02
3.035354817122570131e-02
3.186129088440445289e-02
3.361446141256662495e-02
3.565873785979353089e-02
3.805491992014325281e-02
4.086264808926264036e-02
4.407923459798129134e-02
4.750951174724334092e-02
5.061462771770332963e-02
5.257501842905282219e-02
5.281040582713482368e-02
5.153422689732992806e-02
4.956432282669007150e-02
4.767388266205439123e-02
4.627485099198081625e-02
4.549157974122988723e-02
4.532297152024431647e-02
4.575493836968201611e-02
4.682670241729231658e-02
4.868340281894108917e-02
5.163846115735638148e-02
5.625080719169662374e-02
6.335375636819812195e-02
7.366060167460489194e-02
8.571254730825600410e-02
9.208419018592657601e-02
8.482232856392217524e-02
6.960623879069822995e-02
5.598617568578522635e-02
4.643058227406043903e-02
3.992450850956754532e-02
3.522750542929686812e-02
3.155891389640896882e-02
2.853084683291723378e-02
2.598024400331303690e-02
2.383700840282029082e-02
2.205405707430807202e-02
2.058457401352827357e-02
1.938082236029514682e-02
1.839786786096928028e-02
1.759625847964083403e-02
1.694293553879310313e-02
1.641098842345788816e-02
1.597885089615709922e-02
1.562936223560025539e-02
1.534909938159943060e-02
1.512848798752501611e-02
1.496318975671416703e-02
1.485683073655789249e-02
1.482432155304637053e-02
1.489455395567919165e-02
1.511183836645693147e-02
1.553634619552008225e-02
1.624306709541817675e-02
1.731488435553702257e-02
1.881838533507035338e-02
2.074584844162263159e-02
2.292397698162488770e-02
2.496066660769396053e-02
2.636950801608949763e-02
2.686366303832625826e-02
2.652139735903617790e-02
2.564855099495079102e-02
2.455149488591582344e-02
2.343148336225397282e-02
2.239034198969481679e-02
2.146857047533034385e-02
2.067589028815029067e-02
2.000834321663048573e-02
1.945642462448845741e-02
1.900847707767256214e-02
1.865115770994377892e-02
1.836719216156987647e-02
1.813180116354840693e-02
1.791375596914149618e-02
1.768790679880971259e-02
1.745255596939472575e-02
1.723249542517396246e-02
1.706411296754741652e-02
1.697874455430477963e-02
1.699353441503800508e-02
1.710490157226037672e-02
1.727778700318062174e-02
1.743311176578637642e-02
1.745352464957496130e-02
1.723495894668844799e-02
1.676469953983895575e-02
1.614090796004478967e-02
1.550307578452134009e-02
1.495429721266401495e-02
1.453523757015173258e-02
1.423476761637642099e-02
1.401211187828066071e-02
1.381939350497586941e-02
1.361839755609842335e-02
1.339295054956432529e-02
1.315364225492264387e-02
1.292367955918224780e-02
1.271696688607272703e-02
1.253349731587419420e-02
1.236993223501311849e-02
1.222630877849215612e-02
1.210437790301347426e-02
1.200463066828362513e-02
1.192562700187541937e-02
1.186470639850530431e-02
1.181882722788145032e-02
1.178511386337038891e-02
