1.261249922284306824e-01
1.269962910806633760e-01
1.278919269627092625e-01
1.288126432785901554e-01
1.297591959438816889e-01
1.307323815615997753e-01
1.317330140158687046e-01
1.327619287825975436e-01
1.338200089082431654e-01
1.349081524827452361e-01
1.360272875348068344e-01
1.371783853547551835e-01
1.383624409785451370e-01
1.395804862842055238e-01
1.408335862992571852e-01
1.421228479095209829e-01
1.434494113867867682e-01
1.448144527854385299e-01
1.462191995592768690e-01
1.476649115050384931e-01
1.491528904246090803e-01
1.506844918841839798e-01
1.522611093538341898e-01
1.538841843501940754e-01
1.555552113440638040e-01
1.572757316908024172e-01
1.590473354304958731e-01
1.608716765767125856e-01
1.627504565446974139e-01
1.646854328141469648e-01
1.666784265711754587e-01
1.687313121308637032e-01
1.708460307605724482e-01
1.730245816541129411e-01
1.752690384561561565e-01
1.775815366736600565e-01
1.799642712045499693e-01
1.824195278908535833e-01
1.849496251840426209e-01
1.875570073109693314e-01
1.902441605145898385e-01
1.930136062346710368e-01
1.958680428796225059e-01
1.988101701645475228e-01
2.018427358909216374e-01
2.049686763645162391e-01
2.081909172721635726e-01
2.115124875457927711e-01
2.149364120059211736e-01
2.184659767889978732e-01
2.221043854956939179e-01
2.258549097945798945e-01
2.297209952652772835e-01
2.337060552696442473e-01
2.378135893124909139e-01
2.420471417312425044e-01
2.464103213095656109e-01
2.509067112074078731e-01
2.555399620327342691e-01
2.603137702746961546e-01
2.652316913552544286e-01
2.702973667324558571e-01
2.755144565474073604e-01
2.808863065735731634e-01
2.864164755162647569e-01
2.921080920503034695e-01
2.979644134374508924e-01
3.039882446120193427e-01
3.101824020174918650e-01
3.165491188600740302e-01
3.230905489054813340e-01
3.298083749959088151e-01
3.367037346252783614e-01
3.437773312578125129e-01
3.510292279892213707e-01
3.584587249778197759e-01
3.660644894932720272e-01
3.738440656647337157e-01
3.817942891683047124e-01
3.899105765980867000e-01
3.981874219337404597e-01
4.066176988078148424e-01
4.151930020532551002e-01
4.239032036682641169e-01
4.327364213440658691e-01
4.416790377351193508e-01
4.507151358579739031e-01
4.598271138892975896e-01
4.689945484822584110e-01
4.781952403517418793e-01
4.874044299975582861e-01
4.965946339488470085e-01
5.057362540722419864e-01
5.147970725064497932e-01
5.237422724284279685e-01
5.325353655807257836e-01
5.411369669903903779e-01
5.495064276974863660e-01
5.576009183212237152e-01
5.653769271473877422e-01
5.727899057464902466e-01
5.797947888076627754e-01
5.863469769420585065e-01
5.924023495586709931e-01
5.979181377241695738e-01
6.028539309230744880e-01
6.071714798009046898e-01
6.108362249943211086e-01
6.138178966437211059e-01
6.160903555347104765e-01
6.176323982513994837e-01
6.184285555877641061e-01
6.184695025786463018e-01
6.177514856102771512e-01
6.162777297002799415e-01
6.140566368957255383e-01
6.111029726910602866e-01
6.074375564369927094e-01
6.030866103779629617e-01
5.980808432826818510e-01
5.924561262643291970e-01
5.862507260565634759e-01
5.795071970199859868e-01
5.722700500615724994e-01
5.645850638118159459e-01
5.565001017008256445e-01
5.480623126449271076e-01
5.393191937623104115e-01
5.303168107585892743e-01
5.211010595669745005e-01
5.117155741162889848e-01
5.022016409339080667e-01
4.925986330444425132e-01
4.829434867519503682e-01
4.732706182806913908e-01
4.636112819268768392e-01
4.539942265123504406e-01
4.444451216711475250e-01
4.349878013921632536e-01
4.256425098165060872e-01
4.164275281972141252e-01
4.073583795114562034e-01
3.984488789384083018e-01
3.897101854444796065e-01
3.811517531941434056e-01
3.727811271084652822e-01
3.646044053445439137e-01
3.566263011058041221e-01
3.488496479105518966e-01
3.412763718934516133e-01
3.339077131152746736e-01
3.267434148732797916e-01
3.197824653648440041e-01
3.130235517163989512e-01
3.064643058234137740e-01
3.001020596075444913e-01
2.939335056699539650e-01
2.879551594769451106e-01
2.821632212310269394e-01
2.765534495295690065e-01
2.711215126340095205e-01
2.658630209934264577e-01
2.607733226077293409e-01
2.558478142334243421e-01
2.510819486993248195e-01
2.464707233361938810e-01
2.420096521451023386e-01
2.376940816417652536e-01
2.335193774554870649e-01
2.294809781410753480e-01
2.255742793408045677e-01
2.217952142113245317e-01
2.181392436573084126e-01
2.146022348742003261e-01
2.111802341804388805e-01
2.078691365400087698e-01
2.046650351900086984e-01
2.015642952921120890e-01
1.985632772529129786e-01
1.956584171829346130e-01
1.928463282855943095e-01
1.901237332454770168e-01
1.874874401726031592e-01
1.849343326857479930e-01
1.824615194201946733e-01
1.800661783678781935e-01
1.777454753947907973e-01
1.754967977508562205e-01
1.733174983820847670e-01
1.712052529178531846e-01
1.691576941072543971e-01
1.671724704435109121e-01
1.652474237149436920e-01
1.633804223065692951e-01
1.615694806527587235e-01
1.598126929118331707e-01
1.581081112239932085e-01
1.564539173719619869e-01
1.548484690623239957e-01
1.532900533196995818e-01
