4.805908632511515788e-02
4.801079541135639533e-02
4.796245378289169803e-02
4.791406124012313056e-02
4.786561758204328776e-02
4.781712260601304193e-02
4.776857610770464391e-02
4.771997788102348009e-02
4.767132771801197572e-02
4.762262540881116724e-02
4.757387074152107792e-02
4.752506350237876986e-02
4.747620347574346700e-02
4.742729044431770458e-02
4.737832418991740763e-02
4.732930449391502259e-02
4.728023113819546791e-02
4.723110390610318204e-02
4.718192258362522568e-02
4.713268696073174419e-02
4.708339683341668941e-02
4.703405200548541054e-02
4.698465228907401647e-02
4.693519750170801336e-02
4.688568745571571744e-02
4.683612194112617144e-02
4.678650069873117878e-02
4.673682339372581263e-02
4.668708959534572517e-02
4.663729877610005986e-02
4.658745033732741847e-02
4.653754366458249386e-02
4.648757820692159259e-02
4.643755356349884428e-02
4.638746955764407737e-02
4.633732627691949241e-02
4.628712406397673257e-02
4.623686345440340684e-02
4.618654506403526566e-02
4.613616944741696924e-02
4.608573693897617674e-02
4.603524750356984691e-02
4.598470061578763951e-02
4.593409518657470131e-02
4.588342955938541634e-02
4.583270158948163364e-02
4.578190881295304826e-02
4.573104868908063614e-02
4.568011889921567981e-02
4.562911763222678857e-02
4.557804383088032846e-02
4.552689734495337509e-02
4.547567896953713662e-02
4.542439041060755689e-02
4.537303417531141081e-02
4.532161345746726910e-02
4.527013202804665987e-02
4.521859416197823722e-02
4.516700459091456399e-02
4.511536845911662957e-02
4.506369124664172388e-02
4.501197860523957484e-02
4.496023605033527132e-02
4.490846845619954342e-02
4.485667933443968775e-02
4.480486993730291301e-02
4.475303830868995053e-02
4.470117849236161095e-02
4.464928021997668223e-02
4.459732924576081253e-02
4.454530851155300009e-02
4.449319989593558677e-02
4.444098623791203906e-02
4.438865311722696438e-02
4.433618997835738623e-02
4.428359050620844783e-02
4.423085222252354232e-02
4.417797565172544572e-02
4.412496320795510768e-02
4.407181818679643120e-02
4.401854391913013337e-02
4.396514315659056510e-02
4.391161776179027670e-02
4.385796860715737711e-02
4.380419568531821600e-02
4.375029836619209744e-02
4.369627574925663560e-02
4.364212708393048340e-02
4.358785221187370940e-02
4.353345200235537310e-02
4.347892878602018646e-02
4.342428678053345675e-02
4.336953254651030459e-02
4.331467550467156535e-02
4.325972856696027463e-02
4.320470891589660301e-02
4.314963896464257126e-02
4.309454749057710365e-02
4.303947085841326736e-02
4.298445417314979838e-02
4.292955202171815782e-02
4.287482822616853900e-02
4.282035378228625511e-02
4.276620194317579116e-02
4.271243950142845913e-02
4.265911400524181191e-02
4.260623834592699999e-02
4.255377658972545052e-02
4.250163705887695376e-02
4.244967856531511874e-02
4.239773129965560688e-02
4.234562731657305623e-02
4.229322985474182756e-02
4.224045130787421054e-02
4.218725541064589218e-02
4.213364678111417710e-02
4.207965468255579766e-02
4.202531772268593840e-02
4.197067308611138192e-02
4.191575120448928077e-02
4.186057437848087620e-02
4.180515781958615146e-02
4.174951157534173563e-02
4.169364235522055040e-02
4.163755506745127344e-02
4.158125363247213574e-02
4.152474162729528906e-02
4.146802245228491807e-02
4.141109945526120356e-02
4.135397590787932148e-02
4.129665494716444618e-02
4.123913953332674492e-02
4.118143237493659264e-02
4.112353583819682717e-02
4.106545188172587568e-02
4.100718193482572049e-02
4.094872679744154809e-02
4.089008645441482431e-02
4.083125994854523017e-02
4.077224522485119185e-02
4.071303906284797630e-02
4.065363714607129336e-02
4.059403438774308870e-02
4.053422563215703517e-02
4.047420683661469287e-02
4.041397685490396435e-02
4.035353979629523885e-02
4.029290779970520070e-02
4.023210389512058005e-02
4.017116434396396374e-02
4.011013961156689733e-02
4.004909307829553761e-02
3.998809649613979667e-02
3.992722159307783569e-02
3.986652784309462072e-02
3.980604730632088251e-02
3.974576840750897178e-02
3.968562166851379719e-02
3.962547035575559456e-02
3.956510894223465302e-02
3.950427043744861311e-02
3.944264223484424819e-02
3.937988788736570406e-02
3.931567174229635281e-02
3.924968310341433314e-02
3.918165836440648531e-02
3.911140092888761022e-02
3.903880067118390557e-02
3.896385625959033344e-02
3.888670321061318824e-02
3.880765081958634233e-02
3.872722746065996452e-02
3.864622974281455015e-02
3.856576251984022291e-02
3.848724741943406608e-02
3.841236857415966655e-02
3.834292418660736196e-02
3.828057330973889949e-02
3.822651063296144541e-02
3.818115809827794110e-02
3.814399226326285058e-02
3.811359509981359500e-02
3.808792596436179345e-02
3.806471485200280808e-02
3.804183967215109263e-02
3.801758428022220665e-02
3.799074560268695527e-02
3.796061816174937931e-02
3.792690668189975522e-02
3.788961633737212426e-02
3.784894831691092143e-02
3.780521605016454872e-02
3.775878398793351687e-02
3.771002604262493896e-02
3.765929876581589758e-02
3.760692511408288835e-02
3.755318522687799143e-02
3.749831233404410380e-02
3.744249183066911124e-02
3.738586319128773400e-02
3.732852403794835461e-02
3.727053547691061564e-02
3.721192888790478964e-02
3.715271277585620313e-02
3.709287952880735428e-02
3.703241166682712943e-02
3.697128652836461499e-02
3.690948023193361266e-02
3.684697001262395716e-02
3.678373560949702720e-02
3.671975959796542482e-02
3.665502712466423701e-02
3.658952502338172486e-02
3.652324068709736360e-02
3.645616075622028218e-02
3.638826981057144416e-02
3.631954918135651966e-02
3.624997604453840394e-02
3.617952312339389742e-02
3.610815905750930366e-02
3.603585008099720322e-02
3.596256325409293714e-02
3.588827187592313200e-02
3.581296363663546284e-02
3.573665198968878354e-02
3.565939113513475617e-02
3.558129452131612164e-02
3.550255615462064723e-02
3.542347307307039395e-02
3.534446578233177427e-02
3.526609202226344691e-02
3.518904744749647151e-02
3.511414620284231125e-02
3.504227494938644272e-02
3.497431771984850502e-02
3.491105583709813026e-02
3.485305604766610055e-02
3.480056889511898982e-02
3.475346233695576076e-02
3.471121098699480462e-02
3.467294752868482766e-02
3.463756577334541065e-02
3.460385081826455878e-02
3.457060779797648670e-02
3.453676535507379380e-02
3.450144102015329645e-02
3.446396813286894956e-02
3.442389165072939211e-02
3.438094312098256139e-02
3.433500604027493741e-02
3.428607943015811454e-02
3.423424455896765389e-02
3.417963777923690993e-02
3.412243031624512257e-02
3.406281386074886536e-02
3.400099234365663164e-02
3.393717765031066536e-02
3.387158913346856315e-02
3.380445547024107933e-02
3.373601826254075259e-02
3.366653672480598297e-02
3.359629230910883557e-02
3.352559279335150938e-02
3.345477450973893818e-02
3.338420164765973364e-02
3.331426098626472793e-02
3.324535125814809949e-02
3.317786567754816424e-02
3.311216787297531494e-02
3.304856237841476141e-02
3.298726262668273679e-02
3.292836093171418871e-02
3.287180619463692111e-02
3.281739466812112066e-02
3.276477748378360533e-02
3.271348544063567426e-02
3.266296818906742894e-02
3.261264155369009848e-02
3.256193570945498106e-02
3.251033750608868511e-02
3.245742180957318646e-02
3.240287038785735763e-02
3.234647849826528115e-02
3.228815148496620019e-02
3.222789443832198286e-02
3.216579786706854488e-02
3.210202102409453334e-02
3.203677506523786717e-02
3.197030598440906562e-02
3.190287798981083361e-02
3.183475704792760458e-02
3.176619449261691708e-02
3.169741113309017949e-02
3.162858244889450027e-02
3.155982601251665354e-02
3.149119266508055431e-02
3.142266283207639094e-02
3.135414912408527460e-02
3.128550538127779918e-02
3.121654149566963077e-02
3.114704214273028571e-02
3.107678684518703008e-02
3.100556870229816131e-02
3.093320937011939664e-02
3.085956846449732643e-02
3.078454694134120234e-02
3.070808454140412647e-02
3.063015224037187248e-02
3.055074127422942667e-02
3.046985032080917755e-02
3.038747242047935143e-02
3.030358339682859281e-02
3.021813271170369075e-02
3.013103778518935391e-02
3.004218205449504450e-02
2.995141650747019588e-02
2.985856389082204576e-02
2.976342448460476270e-02
2.966578198899894048e-02
2.956540830929064306e-02
2.946206609692909525e-02
2.935550871614807725e-02
2.924547733915784653e-02
2.913169580181156071e-02
2.901386367345020270e-02
2.889164840643879129e-02
2.876467704401694872e-02
2.863252802219707141e-02
2.849472302567452112e-02
2.835071890700329930e-02
2.819989922569560853e-02
2.804156514184102597e-02
2.787492541400998780e-02
2.769908548176551813e-02
2.751303611514161959e-02
2.731564261288063275e-02
2.710563631935872242e-02
2.688161193828930706e-02
2.664203523343235472e-02
2.638527016008755319e-02
2.610963865944327181e-02
2.581353474972693587e-02
2.549562631914687252e-02
2.515519508106327587e-02
2.479268627973951755e-02
2.441056179996540371e-02
2.401455554070284354e-02
2.361538707510553101e-02
2.323081464283226899e-02
2.288751280217915865e-02
2.262155015371893410e-02
2.247547000197824135e-02
2.248997486277484054e-02
2.269043234940446713e-02
2.307313962712888647e-02
2.360002671061932344e-02
2.420751020624237887e-02
2.482562182960910621e-02
2.539647065658650824e-02
2.588358565284354720e-02
2.627149951989871113e-02
2.655998298354584133e-02
2.675744652859956066e-02
2.687584611488505817e-02
2.692754193866770882e-02
2.692372790866772933e-02
2.687383834762452350e-02
2.678550764469411066e-02
2.666478326923317488e-02
2.651645643886295714e-02
2.634444154170225566e-02
2.615219727063738259e-02
2.594321534714409683e-02
2.572161359507216249e-02
2.549287382992946119e-02
2.526472268782580660e-02
2.504803018491742403e-02
2.485734051725977528e-02
2.471024749330247988e-02
2.462451338700119563e-02
2.461229205806654899e-02
2.467287758187712218e-02
2.478837842551091103e-02
2.492714409018407032e-02
2.505482302197152567e-02
2.514660444197993130e-02
2.519374007873785570e-02
2.520266024105636063e-02
2.518924148468375951e-02
2.517126911332968897e-02
2.516148912320329695e-02
2.516391261691888412e-02
2.517529982286778253e-02
2.519018774336375527e-02
2.520495537223635743e-02
2.521846878521546986e-02
2.523076908687171480e-02
2.524202111670222765e-02
2.525226274050977257e-02
2.526148068884859210e-02
2.526966977096241698e-02
2.527683695557970261e-02
2.528299122134682053e-02
2.528813899333522824e-02
2.529228463440323996e-02
2.529543224572804172e-02
2.529758716173084385e-02
2.529875654088257347e-02
2.529894950473225712e-02
2.529817695720179213e-02
2.529645118347762997e-02
2.529378562078690718e-02
2.529019452344234004e-02
2.528569271968435228e-02
2.528029539996710581e-02
2.527401793528096657e-02
2.526687574975569964e-02
2.525888420354311173e-02
2.525005851102075927e-02
2.524041367292266871e-02
2.522996443428252022e-02
2.521872525273528495e-02
2.520671026911528237e-02
2.519393330260417257e-02
2.518040784051167602e-02
2.516614703459514601e-02
2.515116370848099678e-02
2.513547035731707527e-02
2.511907915354425272e-02
2.510200196119518126e-02
2.508425033337033025e-02
2.506583552258957737e-02
2.504676849660692622e-02
2.502705992398103138e-02
2.500672019351773273e-02
2.498575940879799520e-02
2.496418739147891405e-02
2.494201368210369890e-02
2.491924754663738320e-02
2.489589798745403537e-02
2.487197376610852592e-02
2.484748343687754810e-02
2.482243540024244369e-02
2.479683797355984598e-02
2.477069947863433375e-02
2.474402832947565287e-02
2.471683311663837312e-02
2.468912266790015270e-02
2.466090603938211542e-02
2.463219243265693179e-02
2.460299101073969846e-02
2.457331058487570441e-02
2.454315920842579241e-02
2.451254372322288558e-02
2.448146932293171138e-02
2.444993925735818724e-02
2.441795479180000963e-02
2.438551549876478292e-02
2.435261988826099844e-02
2.431926628621683059e-02
2.428545374491154762e-02
2.425118275214516866e-02
2.421645552618752195e-02
2.418127592377812204e-02
2.414564925969585329e-02
2.410958247261786591e-02
2.407308539933812261e-02
2.403617332123991410e-02
2.399887074386582164e-02
2.396121526089279100e-02
2.392325981439852312e-02
2.388507123990420838e-02
2.384672340225407056e-02
2.380828435910548047e-02
2.376979897235701952e-02
2.373127020229283402e-02
2.369264408853439391e-02
2.365380374954218629e-02
2.361457667313358877e-02
2.357475733739545359e-02
2.353414354662289321e-02
2.349258146276306594e-02
2.345001152038874576e-02
2.340650558396205685e-02
2.336228628771137503e-02
2.331772111729205760e-02
2.327328782279813879e-02
2.322951244208627114e-02
2.318688703036979673e-02
2.314577909983368126e-02
2.310634815163598380e-02
2.306848497700820025e-02
2.303178632991322028e-02
2.299557162670110358e-02
2.295894087353371471e-02
2.292086667410729584e-02
2.288030852941686649e-02
2.283633611230057037e-02
2.278824957459673131e-02
2.273568616217693655e-02
2.267870510780161178e-02
2.261784288292003828e-02
2.255413137788253239e-02
2.248907047929868744e-02
2.242454801711461429e-02
2.236270334638205612e-02
2.230573850573920949e-02
2.225569244503552979e-02
2.221420489086834912e-02
2.218230563989680160e-02
2.216026534323121619e-02
2.214753485538066557e-02
2.214278242868906316e-02
2.214401782277706371e-02
2.214877548984780717e-02
2.215432217015754143e-02
2.215785507698481496e-02
2.215666810222348404e-02
2.214827480886717020e-02
2.213048939213315899e-02
2.210147473888231934e-02
2.205977073039905659e-02
2.200431758177011018e-02
2.193448730547609832e-02
2.185013324411601635e-02
2.175166423079337094e-02
2.164014346255039092e-02
2.151740539640746228e-02
2.138617207735836814e-02
2.125013973350896659e-02
2.111399211142282392e-02
2.098329097919251693e-02
2.086419903132661832e-02
2.076301491299757315e-02
2.068554898778655546e-02
2.063642835589021840e-02
2.061847096956911235e-02
2.063228069042414431e-02
2.067617295087634602e-02
2.074645154174833972e-02
2.083795904984517278e-02
2.094475894442020605e-02
2.106079701328733220e-02
2.118042792584758083e-02
2.129875467070422787e-02
2.141178409135059690e-02
2.151643518143954090e-02
2.161045102199797216e-02
2.169226098984398596e-02
2.176082744942204120e-02
2.181549987821293154e-02
2.185588511497807418e-02
2.188174060306541033e-02
2.189288634695376462e-02
2.188913489437943269e-02
2.187023388313590749e-02
2.183581917854723886e-02
2.178537643754429112e-02
2.171821042575183824e-02
2.163342374757169090e-02
2.152990928596848832e-02
2.140636174717511220e-02
2.126132027484467849e-02
2.109325354403724512e-02
2.090070808365764379e-02
2.068254089339152321e-02
2.043826343413800845e-02
2.016851909102312587e-02
1.987570427980387203e-02
1.956470689473607805e-02
1.924367294066785250e-02
1.892460963210225097e-02
1.862351417422695998e-02
1.835965392918142980e-02
1.815368301550176339e-02
1.802461568305411405e-02
1.798620967463385178e-02
1.804384375614490402e-02
1.819307131473928141e-02
1.842048978305024093e-02
1.870661160824538261e-02
1.902965155399182970e-02
1.936899471052533697e-02
1.970753911363678015e-02
2.003272104298022341e-02
2.033648414216985417e-02
2.061461124690331173e-02
2.086580539890211042e-02
2.109077076183291793e-02
2.129142618083999100e-02
2.147029538501547472e-02
2.163007167450308257e-02
2.177333102154965783e-02
2.190236460375411323e-02
2.201909905878943891e-02
2.212507899263069580e-02
2.222148937705439864e-02
2.230920077648023206e-02
2.238882406591302318e-02
2.246076624396260712e-02
2.252528103179755534e-02
2.258251328778135628e-02
2.263253468200888963e-02
2.267537237049983487e-02
2.271103189008655959e-02
2.273951592674512689e-02
2.276084069568501747e-02
2.277505208939766337e-02
2.278224264849466538e-02
2.278257092087784125e-02
2.277628365019108980e-02
2.276374061968162305e-02
2.274544083165496583e-02
2.272204689916306267e-02
2.269440333423788231e-02
2.266354119515209473e-02
2.263066142142865222e-02
2.259708775162869165e-02
2.256418296198919177e-02
2.253322561881269948e-02
2.250525386041403106e-02
2.248089080811797869e-02
2.246017484730259903e-02
2.244242212769565273e-02
2.242614434623533409e-02
2.240903443426848357e-02
2.238801617398122890e-02
2.235933878051302517e-02
2.231868705641965045e-02
2.226127501115756149e-02
2.218189738756297727e-02
2.207492278752095152e-02
2.193422581003484986e-02
2.175306849050141073e-02
2.152395754731504032e-02
2.123852783192633001e-02
2.088754015111535245e-02
2.046114822477607120e-02
1.994969526337168897e-02
1.934544996386481849e-02
1.864585112654370755e-02
1.785884691447341827e-02
1.701044676164072816e-02
1.615300202940661567e-02
1.536967941090001781e-02
1.476740785169990307e-02
1.445210745122520006e-02
1.449125012940675160e-02
1.488425887929731295e-02
1.556223617847908060e-02
1.641735778068043744e-02
1.734065491491793357e-02
1.824727825262948203e-02
1.908378021942445241e-02
1.982358257578805544e-02
2.045850118736836087e-02
2.099101414863624795e-02
2.142881737924943672e-02
2.178155286968580170e-02
2.205913341160068916e-02
2.227108230252972110e-02
2.242648885071929846e-02
2.253431822392343992e-02
2.260388017315009476e-02
2.264528862199783471e-02
2.266968799232966028e-02
2.268899850858966880e-02
2.271499081455500765e-02
2.275774108267364024e-02
2.282392591041720181e-02
2.291571257908647796e-02
2.303086262257748526e-02
2.316405617710874318e-02
2.330879847949214254e-02
2.345908797093125206e-02
2.361035569888109489e-02
2.375966307912151174e-02
2.390543070128995154e-02
2.404700347872154934e-02
2.418425059863338680e-02
2.431728073721064337e-02
2.444627465921987708e-02
2.457140380820432499e-02
2.469280195116565352e-02
2.481056284133876036e-02
2.492474831213315270e-02
2.503539779759452952e-02
2.514253681122467776e-02
2.524618246568737998e-02
2.534634714435244490e-02
2.544304056445399406e-02
2.553627062878676551e-02
2.562604353905353557e-02
2.571236355651409719e-02
2.579523217276209063e-02
2.587464705313622521e-02
2.595060072249207039e-02
2.602307930258409424e-02
2.609206224518299810e-02
2.615752392483923494e-02
2.621943945474958584e-02
2.627779715161749144e-02
2.633262016713094553e-02
2.638399936935508991e-02
2.643213665856523203e-02
2.647739324393783011e-02
2.652033079309296104e-02
2.656172729701136367e-02
2.660254673175789508e-02
2.664384538183314777e-02
2.668661427625770508e-02
2.673157675740684899e-02
2.677898261956664430e-02
2.682844596432032436e-02
2.687886381336360153e-02
2.692842614065407009e-02
2.697470108262375876e-02
2.701476503646240909e-02
2.704535066744641683e-02
2.706300725359245957e-02
2.706429636937009164e-02
2.704608019406208944e-02
2.700598663039395150e-02
2.694314153778141693e-02
2.685920771461504028e-02
2.675960850943304853e-02
2.665450157770498513e-02
2.655870370321890273e-02
2.648971223089739702e-02
2.646369954336429478e-02
2.649082631360788129e-02
2.657225955329908795e-02
2.670054884154548364e-02
2.686288369657401434e-02
2.704519667837238309e-02
2.723525902203829258e-02
2.742411168457892928e-02
2.760615682514159716e-02
2.777854124523577301e-02
2.794033765621195542e-02
2.809179699643305980e-02
2.823377175139704306e-02
2.836731943403084447e-02
2.849345547313292606e-02
2.861302085738553699e-02
2.872662692752188038e-02
2.883464863192353178e-02
2.893724369384178402e-02
2.903438248420160336e-02
2.912588121241665995e-02
2.921143647318359335e-02
2.929066668197337700e-02
2.936317199883745760e-02
2.942862999652932909e-02
2.948694621613830169e-02
2.953846971822896364e-02
2.958425310898409391e-02
2.962627776065918095e-02
2.966750101081342544e-02
2.971156720714956609e-02
2.976214023472152637e-02
2.982204488912683013e-02
2.989258790934933713e-02
2.997337022494658831e-02
3.006261758716995483e-02
3.015779091975086604e-02
3.025618147193775628e-02
3.035531788946351991e-02
3.045316574166917825e-02
3.054818551688700742e-02
3.063933333100839901e-02
3.072606312983714588e-02
3.080835158132948920e-02
3.088672134911471176e-02
3.096220418472744873e-02
3.103617973029032528e-02
3.111007690901209516e-02
3.118501854627959285e-02
3.126155749850607207e-02
3.133962349081104160e-02
3.141868925707359123e-02
3.149805790624692764e-02
3.157713814511316219e-02
3.165560574591576998e-02
3.173341427231290979e-02
3.181068836852885690e-02
3.188758337809038251e-02
3.196419445140551846e-02
3.204054462467194331e-02
3.211662144722492868e-02
3.219241369615552517e-02
3.226792441819046481e-02
3.234316586963724427e-02
3.241815105070705583e-02
3.249288950400118503e-02
3.256738718849496589e-02
3.264164789678013906e-02
3.271567449220443013e-02
3.278946958762531810e-02
3.286303580904721688e-02
