4.802520167776442861e+00
4.873873111315830009e+00
4.946291468940710701e+00
5.019781466695570238e+00
5.094348496194831988e+00
5.169997044883216653e+00
5.246730537949297890e+00
5.324551481968117450e+00
5.403460865633050503e+00
5.483458631746882972e+00
5.564543529243351827e+00
5.646712281079500073e+00
5.729960466768715399e+00
5.814282013302069174e+00
5.899668713576295076e+00
5.986110742207180202e+00
6.073596128113894821e+00
6.162110906763402340e+00
6.251638766567026551e+00
6.342160857108931182e+00
6.433656377907170487e+00
6.526101510534416228e+00
6.619469600850001356e+00
6.713731828962828274e+00
6.808855919508988386e+00
6.904806559741234473e+00
7.001545746041131224e+00
7.099031951492678516e+00
7.197220339626956509e+00
7.296062805139176710e+00
7.395508041475688188e+00
7.495500585099562407e+00
7.595982287399403177e+00
7.696890475877429694e+00
7.798159817839829699e+00
7.899720572395745322e+00
8.001500486474517615e+00
8.103422411815120796e+00
8.205406779446313692e+00
8.307370032766597134e+00
8.409225295754890084e+00
8.510882883681352595e+00
8.612249655622568056e+00
8.713229100151147932e+00
8.813723063621498710e+00
8.913629816512669279e+00
9.012845696916125249e+00
9.111264763134816036e+00
9.208779662294201529e+00
9.305280506321059519e+00
9.400657323332993087e+00
9.494798024716539331e+00
9.587590720380564591e+00
9.678922944044870746e+00
9.768682110732093804e+00
9.856756751796272198e+00
9.943035386495623129e+00
1.002740861489043667e+01
1.010976820408082943e+01
1.019000753786252744e+01
1.026802377543759626e+01
1.034371499622147716e+01
1.041698379018492204e+01
1.048773545918040462e+01
1.055587989575320762e+01
1.062133065009853894e+01
1.068400589521109012e+01
1.074382854979307567e+01
1.080072724269800588e+01
1.085463447859577890e+01
1.090548956238497169e+01
1.095323677674509888e+01
1.099782616239353139e+01
1.103921448189855781e+01
1.107736356694359081e+01
1.111224209548682396e+01
1.114382464709814968e+01
1.117209144077258109e+01
1.119702959477990767e+01
1.121863132082818915e+01
1.123689521633829358e+01
1.125182588650606164e+01
1.126343282923078704e+01
1.127173218566601953e+01
1.127674430179567011e+01
1.127849504115490298e+01
1.127701524559491908e+01
1.127234034122466078e+01
1.126450984091742136e+01
1.125356762781313513e+01
1.123956197206815055e+01
1.122254359714766814e+01
1.120256699982343918e+01
1.117969049814902505e+01
1.115397419788023115e+01
1.112548140163806210e+01
1.109427768172639439e+01
1.106042993831312415e+01
1.102400755229293416e+01
1.098508113887838533e+01
1.094372273971478471e+01
1.090000483716243806e+01
1.085400220712661934e+01
1.080578920450827241e+01
1.075544119088192119e+01
1.070303325674395722e+01
1.064864101006560126e+01
1.059234058571074044e+01
1.053420693527682417e+01
1.047431583374060260e+01
1.041274214866233905e+01
1.034956025571351645e+01
1.028484437682452679e+01
1.021866756457890446e+01
1.015110228981159679e+01
1.008222065039244342e+01
1.001209350089547989e+01
9.940791022167093871e+00
9.868382200766340873e+00
9.794935490431271319e+00
9.720517755772092983e+00
9.645195253482544473e+00
9.569032694292658903e+00
9.492094531137453828e+00
9.414443367909507643e+00
9.336140996200985143e+00
9.257248209878056855e+00
9.177824143114788669e+00
9.097927224052037687e+00
9.017614343573436386e+00
8.936941787132202109e+00
8.855964047451172050e+00
8.774734840963885674e+00
8.693306719882560429e+00
8.611730520983703840e+00
8.530056098269851006e+00
8.448332386135387395e+00
8.366606835533124453e+00
8.284925606684721444e+00
8.203333751227976478e+00
8.121874939602065524e+00
8.040591646381370694e+00
7.959525142480940119e+00
7.878715226873149291e+00
7.798200560245369672e+00
7.718018439428100841e+00
7.638204921881587062e+00
7.558794707551835579e+00
7.479820906943403180e+00
7.401315963598758429e+00
7.323310448090862401e+00
7.245833912600840421e+00
7.168914199848591906e+00
7.092578315404648670e+00
7.016851432831963997e+00
6.941757745807747959e+00
6.867319876107293553e+00
6.793559493044107001e+00
6.720496568590186293e+00
6.648150048084367825e+00
6.576537430280957608e+00
6.505675002773524618e+00
6.435577736323383036e+00
6.366259397742485504e+00
6.297732777988978015e+00
6.230008676216708174e+00
6.163097553686029961e+00
6.097008312204321712e+00
6.031748892871775958e+00
5.967325850751318050e+00
5.903744861219892393e+00
5.841010484985854845e+00
5.779126257554009882e+00
5.718094715698929242e+00
5.657917199613537562e+00
5.598594602955088817e+00
5.540126513319957091e+00
5.482511806828869183e+00
5.425748392778948492e+00
5.369833473962614789e+00
5.314763656909266665e+00
5.260534333371019500e+00
5.207140593204054646e+00
5.154576607306327496e+00
5.102836241537000106e+00
5.051912384074469742e+00
5.001797669746205877e+00
4.952484001846719330e+00
4.903962996127519069e+00
4.856225425061612810e+00
4.809261947614274391e+00
4.763062776475063487e+00
4.717617634443336705e+00
4.672915841497177425e+00
4.628946767453907540e+00
4.585699264811194276e+00
4.543161683391581107e+00
4.501322504631419363e+00
4.460170098941059535e+00
4.419692145946185313e+00
