4.062572667730535159e+00
4.035791820547173003e+00
4.009675174501976080e+00
3.984217848908953918e+00
3.959414964729406350e+00
3.935261571555636273e+00
3.911752708599999906e+00
3.888883456152183449e+00
3.866649005078130585e+00
3.845044530316956699e+00
3.824065361223302872e+00
3.803707007684512753e+00
3.783965038040247197e+00
3.764835272521863008e+00
3.746313776969529830e+00
3.728396632094220120e+00
3.711080360778160170e+00
3.694361642669290902e+00
3.678237351019113532e+00
3.662704798642878234e+00
3.647761440583043857e+00
3.633405059087968514e+00
3.619633759442754339e+00
3.606445936575869649e+00
3.593840544031905004e+00
3.581816605654019270e+00
3.570373608188780690e+00
3.559511395451856686e+00
3.549230205706672248e+00
3.539530650276019763e+00
3.530413830404165232e+00
3.521881130823615536e+00
3.513934431470517428e+00
3.506576115340783950e+00
3.499808937868623460e+00
3.493636136496518940e+00
3.488061407360209198e+00
3.483089035801861577e+00
3.478723838572459037e+00
3.474970908052518848e+00
3.471836190686732770e+00
3.469326042456097436e+00
3.467447407380437774e+00
3.466207900483473825e+00
3.465615675841756005e+00
3.465679555447893190e+00
3.466409097491737423e+00
3.467814443197144048e+00
3.469906596169998192e+00
3.472697068182798663e+00
3.476198376835117898e+00
3.480423656598860216e+00
3.485387057797157517e+00
3.491103494079285774e+00
3.497588756872550775e+00
3.504859646717299881e+00
3.512933844868871169e+00
3.521830189707242820e+00
3.531568432469640140e+00
3.542169506403836987e+00
3.553655511095500152e+00
3.566049684263266517e+00
3.579376618510667907e+00
3.593662120479732103e+00
3.608933379337897041e+00
3.625219132495951513e+00
3.642549461793950893e+00
3.660956068373163674e+00
3.680472291930057427e+00
3.701133227504582734e+00
3.722975659589842667e+00
3.746038326237987715e+00
3.770361917304950072e+00
3.795989068972388303e+00
3.822964122616998139e+00
3.851335165254088366e+00
3.881151102754010651e+00
3.912463670360152079e+00
3.945327493597205137e+00
3.979799370070133513e+00
4.015939193294169485e+00
4.053809670003652776e+00
4.093476407127009331e+00
4.135008374127426833e+00
4.178477592046769828e+00
4.223959619140935651e+00
4.271533345706833629e+00
4.321281479650113333e+00
4.373290440473964757e+00
4.427650451138363863e+00
4.484455853857019392e+00
4.543805106561645601e+00
4.605801482628060661e+00
4.670550676984656313e+00
4.738164711413228147e+00
4.808759314287876840e+00
4.882454792756890427e+00
4.959375944478291665e+00
5.039652060465884098e+00
5.123416638167962667e+00
5.210807715716291533e+00
5.301967184145212286e+00
5.397041212694659862e+00
5.496179174627343400e+00
5.599533589246135534e+00
5.707260010511163273e+00
5.819515683812359619e+00
5.936459272449374325e+00
6.058249744878369647e+00
6.185044249533279803e+00
6.317001367075090634e+00
6.454272901472953627e+00
6.597006239288995211e+00
6.745341568540945687e+00
6.899409589884706762e+00
7.059328600879102744e+00
7.225201389345066616e+00
7.397112451688246715e+00
7.575123388373982358e+00
7.759269205293604088e+00
7.949553472265209919e+00
8.145943098603900978e+00
8.348363099249000996e+00
8.556694949043732734e+00
8.770752311144644153e+00
8.990301322638210024e+00
9.215036326235567898e+00
9.444576902164625309e+00
9.678461434960590637e+00
9.916140634386929165e+00
1.015697196195196561e+01
1.040021390540375990e+01
1.064502253692931077e+01
1.089044878204515854e+01
1.113543819786929312e+01
1.137883182686530503e+01
1.161936738046280837e+01
1.185570101475692262e+01
1.208639549506628619e+01
1.230994841907234338e+01
1.252480615797335872e+01
1.272938416559502528e+01
1.292209065440659721e+01
1.310135295902003705e+01
1.326564627766974169e+01
1.341352206863902907e+01
1.354363962884140982e+01
1.365479321570599502e+01
1.374594311476897346e+01
1.381623381267049488e+01
1.386501778241571436e+01
1.389186980023748852e+01
1.389659574683650689e+01
1.387923534677235793e+01
1.384006027858366039e+01
1.377956439306758440e+01
1.369844924961239130e+01
1.359760449647816216e+01
1.347808551220581386e+01
1.334108728306612335e+01
1.318791619893222311e+01
1.301996172455339007e+01
1.283866935172855150e+01
1.264551308480987579e+01
1.244197047879626439e+01
1.222950067038718913e+01
1.200952567921528136e+01
1.178340985761565918e+01
1.155245837815123089e+01
1.131789102432275840e+01
1.108084529896684245e+01
1.084236911868503306e+01
1.060341875642431830e+01
1.036485810058681523e+01
1.012746044535511558e+01
9.891910887861508073e+00
9.658810305075220981e+00
9.428679997363788701e+00
9.201968684495785311e+00
8.979049681878599642e+00
8.760239316434883960e+00
8.545793693805046942e+00
8.335916961482414678e+00
8.130766105678901567e+00
7.930456110924975377e+00
7.735065192973600290e+00
7.544638859398632214e+00
7.359194181925797551e+00
7.178723512037155530e+00
7.003198373763960483e+00
