2.512692662186243875e-01
2.514220622546087802e-01
2.515810578835157019e-01
2.517464696265077628e-01
2.519185129780318610e-01
2.520973851902719165e-01
2.522833355487324458e-01
2.524765800700292662e-01
2.526773486894720588e-01
2.528858516880663765e-01
2.531023547837247256e-01
2.533270834773088120e-01
2.535602666836987429e-01
2.538021620412745927e-01
2.540530066567095457e-01
2.543130454758000814e-01
2.545825119910259948e-01
2.548616701341640534e-01
2.551507576765627006e-01
2.554500266593442426e-01
2.557597087619193910e-01
2.560800495961626511e-01
2.564112867312698940e-01
2.567536784421245444e-01
2.571074157764056123e-01
2.574727381259011572e-01
2.578498773869420391e-01
2.582390173332499428e-01
2.586403667452102928e-01
2.590541289318534779e-01
2.594804545418755160e-01
2.599195151402945991e-01
2.603714701335173021e-01
2.608364256460837249e-01
2.613144917241997933e-01
2.618057679189285114e-01
2.623103122966894407e-01
2.628281415957783862e-01
2.633592978637761539e-01
2.639037457932260633e-01
2.644613993615826941e-01
2.650322509527200388e-01
2.656160484010219869e-01
2.662127331886173787e-01
2.668220304886657623e-01
2.674437080557560131e-01
2.680774776006366045e-01
2.687229439486979454e-01
2.693797079451646370e-01
2.700473722204753679e-01
2.707253280973929144e-01
2.714130600535872295e-01
2.721099008487212201e-01
2.728151712797213801e-01
2.735281023911355636e-01
2.742479045644876101e-01
2.749736966200105881e-01
2.757044732583454061e-01
2.764393473996869521e-01
2.771771721702962488e-01
2.779169182246459258e-01
2.786573918332644895e-01
2.793973884517966799e-01
2.801356984276069939e-01
2.808709659146930160e-01
2.816019521235502698e-01
2.823272214443909300e-01
2.830454649357357355e-01
2.837552627768500368e-01
2.844551542550658452e-01
2.851438726822709824e-01
2.858199561713403170e-01
2.864821252125439033e-01
2.871289478147684981e-01
2.877591553844597305e-01
2.883714876385012893e-01
2.889646672131365723e-01
2.895376217983566813e-01
2.900892323806958384e-01
2.906184144152130777e-01
2.911243034369029314e-01
2.916060877342475655e-01
2.920628845701132570e-01
2.924941482999945941e-01
2.928991904454933959e-01
2.932775444450227420e-01
2.936288927863288101e-01
2.939528255779745303e-01
2.942493173506105508e-01
2.945182273962761998e-01
2.947596590656048066e-01
2.949736378142517323e-01
2.951603822549647149e-01
2.953201058486517594e-01
2.954533382730261670e-01
2.955604706846773344e-01
2.956419857208306690e-01
2.956985387496415818e-01
2.957306964324112331e-01
2.957392253285719974e-01
2.957249039576722027e-01
2.956884472241576023e-01
2.956307027412315991e-01
2.955525783381458549e-01
2.954548815086018854e-01
2.953384267124419815e-01
2.952042532066339597e-01
2.950531988846957776e-01
2.948861723013693203e-01
2.947041662757526881e-01
2.945079399469760495e-01
2.942984000694727764e-01
2.940763960372815289e-01
2.938428316903352044e-01
2.935985480789301549e-01
2.933442713139089997e-01
2.930808806942090672e-01
2.928089524309856473e-01
2.925293472363094116e-01
2.922427221860528501e-01
2.919497505220993716e-01
2.916509575169866086e-01
2.913470494916921560e-01
2.910386274994240519e-01
2.907261286025956126e-01
2.904100845990720270e-01
2.900909836069122116e-01
2.897692661438791006e-01
2.894452955488228674e-01
2.891195230635624780e-01
2.887922749808122247e-01
2.884639622967383743e-01
2.881347737064457459e-01
2.878050230764104267e-01
2.874749875526033116e-01
2.871448516539710782e-01
2.868148813382493945e-01
2.864852408692457608e-01
2.861561825335451892e-01
2.858277386656488672e-01
2.855000753320948159e-01
2.851733049628203398e-01
2.848475688977433196e-01
2.845229913069787786e-01
2.841995666014246469e-01
2.838773639908511726e-01
2.835564914878581644e-01
2.832369360649833467e-01
2.829187654823230869e-01
2.826019858829814102e-01
2.822866678860337930e-01
2.819727531000633669e-01
2.816602824357366530e-01
2.813492437152841363e-01
2.810396388134323575e-01
2.807314618194635680e-01
2.804246466430049267e-01
2.801192575171208565e-01
2.798152458152839972e-01
2.795126326379362425e-01
2.792113444772836850e-01
2.789113875985401170e-01
2.786127315359318013e-01
2.783153812306407016e-01
2.780193133053324162e-01
2.777245148959434085e-01
2.774309631730756953e-01
2.771386670067116920e-01
2.768476423625393923e-01
2.765578432261840969e-01
2.762692902853454702e-01
2.759819477367025931e-01
2.756958879672969931e-01
2.754110965904587593e-01
2.751276182095318545e-01
2.748454321738018069e-01
2.745645924363451784e-01
2.742851194352300959e-01
2.740070275935643229e-01
2.737304031681752070e-01
2.734552999041140464e-01
2.731817306159652903e-01
2.729097805636094831e-01
2.726395047040486852e-01
2.723709767749706301e-01
2.721042844178506170e-01
2.718394989033244280e-01
2.715767154146854212e-01
2.713160129264052811e-01
2.710575158993399625e-01
2.708013230089056367e-01
2.705475480881484596e-01
2.702963183216194887e-01
2.700477499803508041e-01
2.698019802221622854e-01
2.695591482482623258e-01
2.693194139417767197e-01
2.690829087478276982e-01
2.688498007291731384e-01
2.686202557667279334e-01
