8.250789930743616107e-01
8.279220598869270198e-01
8.307670397632854753e-01
8.336135797268933167e-01
8.364613225705490596e-01
8.393098893007608918e-01
8.421588987120636194e-01
8.450079565739679888e-01
8.478566575812628292e-01
8.507046072897062050e-01
8.535513506977366882e-01
8.563964628739596519e-01
8.592394961876017589e-01
8.620799918843023990e-01
8.649174936975251304e-01
8.677515011022294278e-01
8.705815308678783726e-01
8.734070802562255986e-01
8.762276353966437226e-01
8.790426711765788603e-01
8.818516469206231223e-01
8.846540222562901956e-01
8.874492353613367968e-01
8.902367163567919128e-01
8.930158843223253706e-01
8.957861317171723625e-01
8.985468803728117182e-01
9.012975050726013126e-01
9.040373806312195226e-01
9.067658710798464083e-01
9.094823174165111990e-01
9.121860823929258677e-01
9.148764892943215266e-01
9.175528598351145870e-01
9.202145056417578850e-01
9.228607283212905132e-01
9.254908161412888079e-01
9.281040570715994864e-01
9.306997213843828387e-01
9.332770726639576520e-01
9.358353656578456414e-01
9.383738547081071912e-01
9.408917636921863004e-01
9.433883286455110317e-01
9.458627716636559546e-01
9.483143074828076502e-01
9.507421560909550262e-01
9.531454978237281495e-01
9.555235368865756529e-01
9.578754623859236927e-01
9.602004580064804617e-01
9.624977100436908906e-01
9.647663799110970384e-01
9.670056435521376947e-01
9.692146676881450151e-01
9.713926159845481800e-01
9.735386468033895291e-01
9.756519243300297850e-01
9.777316041107541045e-01
9.797768431277843471e-01
9.817867981135217637e-01
9.837606077868793486e-01
9.856974633338391190e-01
9.875965045925011454e-01
9.894568896034177108e-01
9.912778147008601826e-01
9.930584103366951743e-01
9.947978625337827729e-01
9.964953498826827349e-01
9.981500542931832642e-01
9.997611661101600822e-01
1.001327882503707745e+00
1.002849408840603918e+00
1.004324930744017852e+00
1.005753710661988709e+00
1.007134964213552308e+00
1.008467934337983207e+00
1.009751875610261473e+00
1.010986030572439187e+00
1.012169714721682601e+00
1.013302205302505810e+00
1.014382809157772236e+00
1.015410856517987126e+00
1.016385672258560247e+00
1.017306616450864620e+00
1.018173060807113561e+00
1.018984394929980164e+00
1.019740049295665196e+00
1.020439416507860075e+00
1.021081960022072410e+00
1.021667148676477233e+00
1.022194472699239132e+00
1.022663452411783247e+00
1.023073609791188332e+00
1.023424508663316912e+00
1.023715731056638267e+00
1.023946869807446536e+00
1.024117578167236031e+00
1.024227502688820346e+00
1.024276325525146802e+00
1.024263755128725917e+00
1.024189507905362007e+00
1.024053376534173943e+00
1.023855136746099737e+00
1.023594605477752939e+00
1.023271629611331335e+00
1.022886079072865106e+00
1.022437857113285942e+00
1.021926894244321149e+00
1.021353167068649093e+00
1.020716635554209217e+00
1.020017330281511203e+00
1.019255298370256302e+00
1.018430618744311511e+00
1.017543397885021905e+00
1.016593765426645479e+00
1.015581890439932966e+00
1.014507960635970374e+00
1.013372207898181943e+00
1.012174883429637129e+00
1.010916236482787500e+00
1.009596616423514392e+00
1.008216343875960819e+00
1.006775783035003702e+00
1.005275325940329090e+00
1.003715390344972924e+00
1.002096421733836173e+00
1.000418891316239067e+00
9.986832958045260833e-01
9.968901933885311317e-01
9.950400781075611212e-01
9.931335449267402193e-01
9.911711900592340418e-01
9.891536357672389146e-01
9.870815202334638494e-01
9.849555093888341384e-01
9.827762889472478891e-01
9.805445653915302318e-01
9.782610370605501204e-01
9.759264937767834214e-01
9.735416800356558875e-01
9.711073772896033907e-01
9.686243789892790002e-01
9.660935076112332487e-01
9.635155898356921877e-01
9.608914703700431881e-01
9.582220077912912970e-01
9.555080990247916128e-01
9.527505873044760376e-01
9.499503866061114188e-01
9.471084037360806285e-01
9.442255633304208473e-01
9.413027788144824326e-01
9.383409902328810892e-01
9.353411397715780673e-01
9.323041560794738114e-01
9.292310274665366299e-01
9.261226990630335720e-01
9.229801352008250026e-01
9.198042941245049287e-01
9.165961623544005565e-01
9.133567056887108571e-01
9.100868982355613257e-01
9.067877363356013909e-01
9.034601606486438730e-01
9.001051618439804836e-01
8.967237198674326004e-01
8.933167674006595727e-01
8.898853176934861109e-01
8.864303186641961929e-01
8.829527303833341056e-01
8.794535180955010967e-01
8.759336192230993134e-01
8.723939835165297474e-01
8.688355488872027133e-01
8.652592779766992148e-01
8.616660511316389659e-01
8.580568042022537201e-01
8.544324466795670814e-01
8.507938641761401133e-01
8.471419707743145233e-01
8.434776386200290021e-01
8.398017395118339001e-01
8.361151350105553437e-01
8.324186618710456287e-01
8.287131814441285327e-01
8.249995125336218038e-01
8.212784715168620631e-01
8.175508627965137887e-01
8.138175012528012786e-01
8.100791307688379739e-01
8.063365347206320477e-01
8.025904679837307931e-01
7.988416748113054133e-01
7.950908804154177556e-01
7.913388019260413353e-01
7.875861415467293458e-01
7.838335879756517244e-01
7.800817968108960665e-01
7.763314610350203759e-01
