8.918067769258998245e-01
9.077921667599196942e-01
9.242330717931714901e-01
9.411450891904679095e-01
9.585442509993498117e-01
9.764475550823095151e-01
9.948724221279918734e-01
1.013836749452286634e+00
1.033359727446594212e+00
1.053460828935897542e+00
1.074160157114656844e+00
1.095479205310305959e+00
1.117439807509254646e+00
1.140064795714103907e+00
1.163377508670359051e+00
1.187403108478406466e+00
1.212166948985325732e+00
1.237695313068812641e+00
1.264016163757067934e+00
1.291157950719509229e+00
1.319150373722633107e+00
1.348023952405205561e+00
1.377811085486408293e+00
1.408544724549146476e+00
1.440259057336021664e+00
1.472989908437885020e+00
1.506774029363904033e+00
1.541649534205266736e+00
1.577655931406356959e+00
1.614833998765781375e+00
1.653225984603247989e+00
1.692875244577204619e+00
1.733826722597914927e+00
1.776126907831899526e+00
1.819823015374605779e+00
1.864964423513298719e+00
1.911600953894200039e+00
1.959784301275374174e+00
2.009567947930791743e+00
2.061004502764135271e+00
2.114149487464672461e+00
2.169058960519498314e+00
2.225789212250189664e+00
2.284397991874871359e+00
2.344943036487844967e+00
2.407481912114627143e+00
2.472073282076312051e+00
2.538774652922263453e+00
2.607643078301107753e+00
2.678734901220878317e+00
2.752104302171503036e+00
2.827803994403991883e+00
2.905884845547231699e+00
2.986392633954741083e+00
3.069371623703773810e+00
3.154859190756879705e+00
3.242889259809790481e+00
3.333487618803265384e+00
3.426673861251861908e+00
3.522458248804143377e+00
3.620841394719477524e+00
3.721813325095175262e+00
3.825350363899741257e+00
3.931416818051241879e+00
4.039958368121772558e+00
4.150908111271573553e+00
4.264176078926289470e+00
4.379654841991045267e+00
4.497212583748309456e+00
4.616696803601774590e+00
4.737926329444540841e+00
4.860694825846990419e+00
4.984768152956370990e+00
5.109882834629309478e+00
5.235744229859813359e+00
5.362030000304732091e+00
5.488382764479051268e+00
5.614419707246018021e+00
5.739726361690548728e+00
5.863860548120057636e+00
5.986354922127699041e+00
6.106717992974333598e+00
6.224438184333248358e+00
6.338990245031139281e+00
6.449837378569896806e+00
6.556437755317552352e+00
6.658249297342137218e+00
6.754738214346533987e+00
6.845385737500026657e+00
6.929691991389530514e+00
7.007188935772543203e+00
7.077440871526650135e+00
7.140054746592899626e+00
7.194686288297890364e+00
7.241043311901073309e+00
7.278894528799746411e+00
7.308070332106260558e+00
7.328464049335510211e+00
7.340033911555126522e+00
7.342804907967377837e+00
7.336867382853393238e+00
7.322372013953217795e+00
7.299532349212874749e+00
7.268611377580812771e+00
7.229925110148101020e+00
7.183828612106963440e+00
7.130721172568786237e+00
7.071030652592701138e+00
7.005206246244889634e+00
6.933715854428016634e+00
6.857041365893345564e+00
6.775670030439835401e+00
6.690085249749818885e+00
6.600768670479491895e+00
6.508190549802334246e+00
6.412810303260913614e+00
6.315065337670483281e+00
6.215378376498687629e+00
6.114147071618530660e+00
6.011749916664343552e+00
5.908535765985355681e+00
5.804832434675833319e+00
5.700938904131314544e+00
5.597135281414684194e+00
5.493670792577937334e+00
5.390771579067937580e+00
5.288644808044971057e+00
5.187471173602223651e+00
5.087411374544649867e+00
4.988608754495982289e+00
4.891185086752874334e+00
4.795244295534920376e+00
4.700878523689887345e+00
4.608161582792044797e+00
4.517156207286839198e+00
4.427910301446755348e+00
4.340460340943634421e+00
4.254837144881115307e+00
4.171058016880892616e+00
4.089135062077667193e+00
4.009069093064136169e+00
3.930859899073781971e+00
3.854497652446054801e+00
3.779969860834520023e+00
3.707257466402364976e+00
3.636339128238497587e+00
3.567191648990376773e+00
3.499786760235383820e+00
3.434094855092248100e+00
3.370084847261774375e+00
3.307723087435657128e+00
3.246975974398816689e+00
3.187809121606417495e+00
3.130185628961711597e+00
3.074068867304989183e+00
3.019423356845709172e+00
2.966212418249478677e+00
2.914398955958413584e+00
2.863946981852188323e+00
2.814820112658760198e+00
2.766981938983889222e+00
2.720398127169402436e+00
2.675034524812708980e+00
2.630855101492761694e+00
2.587827434651007952e+00
2.545918390245274221e+00
2.505096049266603231e+00
2.465328377802114890e+00
2.426584818565152180e+00
2.388836109971994581e+00
2.352052270051560257e+00
2.316204635333882766e+00
2.281266101161439686e+00
2.247209486059917882e+00
2.214009087224810379e+00
2.181638880875000464e+00
2.150074379450222395e+00
2.119291719266940710e+00
2.089267652441874290e+00
2.059979447284329801e+00
2.031405541141277915e+00
2.003524639897416471e+00
1.976316739092857544e+00
1.949761276487832262e+00
1.923838878113606210e+00
1.898531526598844499e+00
1.873820915902013384e+00
1.849690098172499075e+00
1.826121419788739209e+00
1.803098581817101032e+00
1.780606131725944952e+00
1.758628596588628801e+00
1.737151125291255482e+00
1.716159583973235758e+00
1.695639791705625177e+00
1.675578188747000707e+00
1.655962132974538870e+00
1.636778881220737558e+00
1.618016204773443434e+00
1.599662605671016813e+00
