5.288803633347912703e-01
5.402872877704504306e-01
5.520094894645745098e-01
5.640547541025917599e-01
5.764310347337028295e-01
5.891464337334288981e-01
6.022091962886665373e-01
6.156277857495102701e-01
6.294107834048618955e-01
6.435669989642113231e-01
6.581054219175431763e-01
6.730351989546141667e-01
6.883657350858430890e-01
7.041065816572571467e-01
7.202675330249160845e-01
7.368585650767282003e-01
7.538899287347939904e-01
7.713720540250398328e-01
7.893155520965406957e-01
8.077313253322365716e-01
8.266304196094111933e-01
8.460241376943400393e-01
8.659239865505701239e-01
8.863416219024234932e-01
9.072889343917597271e-01
9.287779699012636003e-01
9.508209130246657592e-01
9.734301608622176749e-01
9.966181917772889420e-01
1.020397604189610785e+00
1.044781032364836326e+00
1.069781265811247106e+00
1.095410997469967063e+00
1.121683021279221482e+00
1.148610018843340574e+00
1.176204584666873831e+00
1.204479182833112505e+00
1.233446069029083381e+00
1.263117255735343170e+00
1.293504381556741301e+00
1.324618762398201532e+00
1.356471210473839895e+00
1.389071880870523357e+00
1.422430401939994260e+00
1.456555448124446706e+00
1.491454761228315107e+00
1.527135203712750355e+00
1.563602293544268163e+00
1.600860187393040368e+00
1.638911451668574548e+00
1.677756884418645011e+00
1.717395390225474605e+00
1.757823371633351339e+00
1.799035096494009611e+00
1.841021560996462858e+00
1.883771159135190443e+00
1.927268321763985215e+00
1.971494093495612887e+00
2.016425009888035635e+00
2.062033151320284308e+00
2.108285572651792172e+00
2.155143649816041229e+00
2.202563222374176455e+00
2.250493163079298142e+00
2.298875586122452130e+00
2.347645362769956723e+00
2.396729166948200263e+00
2.446045416322123689e+00
2.495503719603704429e+00
2.545004047989422258e+00
2.594437439309005278e+00
2.643684548783923560e+00
2.692615918678451514e+00
2.741092270449051682e+00
2.788963668715740418e+00
2.836070566593504871e+00
2.882243493337958817e+00
2.927304385785709506e+00
2.971066027447823554e+00
3.013334828363276596e+00
3.053910559527047042e+00
3.092588389638139645e+00
3.129160467429360715e+00
3.163418192697738274e+00
3.195153635375004519e+00
3.224163099577583402e+00
3.250248727072504007e+00
3.273221609022473721e+00
3.292904445307549111e+00
3.309134069132356526e+00
3.321764602178980397e+00
3.330669809058825592e+00
3.335745768895113095e+00
3.336912542025381345e+00
3.334116679338188227e+00
3.327331560031145941e+00
3.316558818656456964e+00
3.301829418508239744e+00
3.283202181141156917e+00
3.260764493380178930e+00
3.234630479926460467e+00
3.204939146038117137e+00
3.171853294084973740e+00
3.135555466130124369e+00
3.096247336211985779e+00
3.054145095873100235e+00
3.009476944912119922e+00
2.962480373209898321e+00
2.913398125385152415e+00
2.862475977638356817e+00
2.809958930459195869e+00
2.756090162597244930e+00
2.701107246468833267e+00
2.645239802819409736e+00
2.588709033444843932e+00
2.531725108588693818e+00
2.474486324980321950e+00
2.417177679689030079e+00
2.359971597962640555e+00
2.303026259797256170e+00
2.246485608012836810e+00
2.190479702503316695e+00
2.135125336448439270e+00
2.080525800563348238e+00
2.026771540632511304e+00
1.973940720536668580e+00
1.922100300611591983e+00
1.871306547572103796e+00
1.821605396788496423e+00
1.773033681070919743e+00
1.725619875517142132e+00
1.679384732056734331e+00
1.634342011011542528e+00
1.590499243353781900e+00
1.547858193968411733e+00
1.506416020588605020e+00
1.466165498577858273e+00
1.427095328852055589e+00
1.389191168914796437e+00
1.352435625303445965e+00
1.316809448264559368e+00
1.282290888476974144e+00
1.248856790373362946e+00
1.216482632088143445e+00
1.185142926181162570e+00
1.154811191686743621e+00
1.125460811282933404e+00
1.097064406623872390e+00
1.069594509666472959e+00
1.043023772119806125e+00
1.017324813196512245e+00
9.924704468962293191e-01
9.684338945227122242e-01
9.451885560351491744e-01
9.227086020457897497e-01
9.009683293650309066e-01
8.799428599589655953e-01
8.596078171137231383e-01
8.399394178040571202e-01
8.209145696692697891e-01
8.025107719541118012e-01
7.847062321779469940e-01
7.674796742816044626e-01
7.508107702076821655e-01
7.346797596536968067e-01
7.190673287547155734e-01
7.039549802366160680e-01
6.893248726853868913e-01
6.751598319721446861e-01
6.614431863057468330e-01
6.481588633636029551e-01
6.352914964755637106e-01
6.228262387105887310e-01
6.107487350634147605e-01
5.990452384532497510e-01
5.877024685901361956e-01
5.767077292481166406e-01
5.660487430673538656e-01
5.557137360526436254e-01
5.456913761665397322e-01
5.359708248655047358e-01
5.265415546010503434e-01
5.173934952761380934e-01
5.085170319016213414e-01
4.999028484391403460e-01
4.915420749027347158e-01
4.834260809967534378e-01
4.755465911031325210e-01
4.678957444979591762e-01
4.604658984552599810e-01
4.532498058048881617e-01
4.462403418802265431e-01
4.394307832987164875e-01
4.328145654625523697e-01
4.263855221641641435e-01
4.201376272769494213e-01
4.140650650298742241e-01
4.081622825481802108e-01
4.024239167346925772e-01
3.968448220924746805e-01
