5.254456666048368252e-01
5.279551605304153572e-01
5.305723564686914973e-01
5.332969448659858891e-01
5.361284574160187777e-01
5.390662313116697524e-01
5.421094708876865731e-01
5.452572518756793052e-01
5.485085521902733907e-01
5.518623099443062952e-01
5.553173781821200139e-01
5.588727472721739531e-01
5.625273434741365763e-01
5.662802587119146747e-01
5.701306217061347104e-01
5.740777617428255430e-01
5.781212019843737782e-01
5.822606934496281639e-01
5.864962157250065422e-01
5.908280627668436313e-01
5.952568742079208386e-01
5.997835640924646938e-01
6.044096110767136487e-01
6.091367138005413517e-01
6.139671378800362067e-01
6.189035187887849121e-01
6.239490463594444813e-01
6.291073237064405133e-01
6.343825295877933979e-01
6.397793077910807202e-01
6.453027881117128217e-01
6.509586683476328295e-01
6.567530419828252475e-01
6.626925425464178510e-01
6.687842504417792489e-01
6.750356106447127358e-01
6.814545797717952436e-01
6.880493913107151860e-01
6.948286468150988160e-01
7.018011492025726383e-01
7.089759514615014968e-01
7.163622328624620339e-01
7.239692967123052547e-01
7.318064724675104049e-01
7.398828563150612325e-01
7.482075908606050652e-01
7.567894493238602749e-01
7.656368730394590427e-01
7.747577869523628591e-01
7.841595744630733833e-01
7.938488403553848327e-01
8.038313540307412408e-01
8.141118439750186786e-01
8.246939241050729175e-01
8.355797140679124269e-01
8.467699785172779769e-01
8.582635339789715934e-01
8.700574070600585186e-01
8.821463717184688802e-01
8.945228775186194747e-01
9.071766865600873198e-01
9.200946689630818964e-01
9.332606062736760189e-01
9.466547880437234941e-01
9.602540225616923442e-01
9.740310723735204901e-01
9.879547956307331846e-01
1.001989523303160157e+00
1.016095084566758677e+00
1.030226891234897302e+00
1.044335294604076037e+00
1.058366102528034647e+00
1.072260133308057029e+00
1.085953767419449267e+00
1.099378897044754444e+00
1.112463105822057541e+00
1.125130462360059536e+00
1.137301578069638497e+00
1.148894875731603982e+00
1.159826619149335380e+00
1.170012180369325305e+00
1.179367406744835867e+00
1.187809151434157329e+00
1.195256671335805487e+00
1.201633079054424513e+00
1.206866021299979330e+00
1.210889933950303643e+00
1.213646411564894834e+00
1.215085495860666720e+00
1.215167289523418681e+00
1.213861772386301219e+00
1.211150475690878192e+00
1.207026691543513941e+00
1.201495588976329909e+00
1.194574042172630746e+00
1.186290613740863309e+00
1.176685002465703178e+00
1.165807551392024299e+00
1.153718049990978489e+00
1.140484651721373810e+00
1.126182897681044182e+00
1.110894046334697904e+00
1.094704425503841616e+00
1.077703455181138414e+00
1.059982297771021820e+00
1.041632893010094651e+00
1.022746887973466690e+00
1.003414313838947525e+00
9.837223773120559178e-01
9.637553155878405553e-01
9.435932200276228032e-01
9.233116602629656278e-01
9.029810364396770872e-01
8.826669481508770954e-01
8.624294206367288940e-01
8.423228956063844031e-01
8.223964127109042455e-01
8.026937668749251076e-01
7.832538457049544878e-01
7.641101273485100265e-01
7.452915220283360398e-01
7.268229075425807206e-01
7.087245939093438363e-01
6.910132846448365784e-01
6.737024236735768001e-01
6.568017566829016385e-01
6.403186467582244745e-01
6.242577197486471885e-01
6.086213004474699817e-01
5.934096487246208751e-01
5.786211195487658276e-01
5.642529219024189358e-01
5.503005440594865849e-01
5.367584361956997396e-01
5.236199486250930901e-01
5.108779679505991433e-01
4.985243384835754688e-01
4.865504668789793485e-01
4.749473846838398461e-01
4.637058616587842463e-01
4.528161968256273484e-01
4.422687240236659045e-01
4.320535908504858358e-01
4.221609581739019790e-01
4.125810533898703336e-01
4.033040246120708772e-01
3.943201417060778202e-01
3.856199613879581767e-01
3.771941082927490196e-01
3.690333055005954321e-01
3.611285633312251719e-01
3.534710349664509366e-01
3.460521864703949846e-01
3.388637156219437285e-01
3.318973649959285899e-01
3.251453362389188917e-01
3.185999733360041497e-01
3.122538848043992510e-01
3.060998556123380454e-01
3.001310135441969673e-01
2.943406432269900508e-01
2.887222571509526214e-01
2.832696512643623210e-01
2.779767939844463021e-01
2.728379429607200590e-01
2.678474454481621359e-01
2.629999304906740498e-01
2.582902433640122397e-01
2.537133854089442253e-01
2.492645657843781948e-01
2.449391678436018682e-01
2.407327862546327357e-01
2.366411146121526199e-01
2.326600344553374222e-01
2.287856532979195279e-01
2.250141953384610927e-01
2.213419805209550506e-01
2.177655111690117162e-01
2.142814596408660899e-01
2.108865967758347948e-01
2.075778176888398718e-01
2.043521642182057341e-01
2.012067698734275600e-01
1.981388839201721763e-01
1.951459032621288558e-01
1.922252908374713631e-01
1.893746354385118236e-01
1.865916039512297286e-01
1.838739589479530256e-01
1.812195727709241255e-01
1.786263862362905408e-01
1.760924405143616256e-01
1.736158305749215258e-01
1.711947489081139528e-01
1.688274456754310926e-01
1.665122642140742237e-01
1.642475967562083139e-01
1.620319177156784862e-01
1.598637358229759442e-01
1.577416426347498513e-01
