2.923687526004265652e-02
2.917810874089712958e-02
2.911924739646206545e-02
2.906029611236192814e-02
2.900126051483223333e-02
2.894214565505589393e-02
2.888295424361850966e-02
2.882368759605949751e-02
2.876435301471604380e-02
2.870497568508028827e-02
2.864560804577082412e-02
2.858633215316734935e-02
2.852725316912586503e-02
2.846848058775572343e-02
2.841009706996857134e-02
2.835212107311968141e-02
2.829447733800885892e-02
2.823701070375842989e-02
2.817957432947841914e-02
2.812213887518520000e-02
2.806481149515291026e-02
2.800773840647010141e-02
2.795096174456092666e-02
2.789432009921081340e-02
2.783750609446335872e-02
2.778034664878301085e-02
2.772310350610878577e-02
2.766648053067400151e-02
2.761141206807571358e-02
2.755893960751147273e-02
2.751022792114204626e-02
2.746647583106581747e-02
2.742828629286797951e-02
2.739409012006942951e-02
2.735846341216178340e-02
2.731377843196789931e-02
2.725642636955902601e-02
2.719010271849770649e-02
2.712171335611726977e-02
2.705663195156410641e-02
2.699752814437617054e-02
2.694492639469071166e-02
2.689775136252093440e-02
2.685383335514531997e-02
2.681083060059579956e-02
2.676735650647212722e-02
2.672343889448539067e-02
2.667993594746638497e-02
2.663750064090853950e-02
2.659572899098792964e-02
2.655248060636997490e-02
2.650312801912483446e-02
2.644048617562087464e-02
2.635858137342601479e-02
2.626212336078978873e-02
2.616886432896392903e-02
2.609186554346948697e-02
2.602727155836305137e-02
2.596482331213229022e-02
2.589959510594078140e-02
2.583219993092139219e-02
2.576449974489595715e-02
2.569767974981003109e-02
2.563230805950750257e-02
2.556867964868228538e-02
2.550699458866772726e-02
2.544743485907660294e-02
2.539021714281493314e-02
2.533563856195010858e-02
2.528405392297160617e-02
2.523563443734429951e-02
2.518980901187945626e-02
2.514474394924226877e-02
2.509794545976808122e-02
2.504892787814557917e-02
2.500278305000876167e-02
2.497100225793452005e-02
2.496634266026110521e-02
2.499247729497199380e-02
2.503488695173062065e-02
2.506291531340440817e-02
2.504539751890880531e-02
2.496703729874573396e-02
2.483238837190110404e-02
2.466017866533616598e-02
2.447844385910813089e-02
2.432525651164057709e-02
2.425122048089481050e-02
2.431057849816596964e-02
2.452435289908870900e-02
2.483566294845017744e-02
2.513267791213613656e-02
2.533629162027167467e-02
2.543705116379568407e-02
2.546120934725666640e-02
2.543417548813092788e-02
2.536856099052998970e-02
2.526736925849561860e-02
2.513136403070168404e-02
2.496473687706475195e-02
2.477667915107426705e-02
2.457946521918358967e-02
2.438541344370475858e-02
2.420471713419712970e-02
2.404468821208195772e-02
2.390994299945971985e-02
2.380289127783008843e-02
2.372416540401382085e-02
2.367291180145729076e-02
2.364700339121153863e-02
2.364324457585675887e-02
2.365759912172030535e-02
2.368541070691063469e-02
2.372149356848098425e-02
2.375983707062644806e-02
2.379254712112606474e-02
2.380776579739977625e-02
2.378725525551455069e-02
2.370685322963399927e-02
2.354554893667971591e-02
2.330325612321093240e-02
2.301007521390268512e-02
2.270993262490674305e-02
2.243479625697114566e-02
2.219603973699153451e-02
2.199194873452237076e-02
2.181713117751228961e-02
2.166759953324377819e-02
2.154237833156635515e-02
2.144365710946771753e-02
2.137659624522311730e-02
2.134902371514304370e-02
2.137069837677967737e-02
2.145141609563146548e-02
2.159710142310905176e-02
2.180385356179747464e-02
2.205253913296021176e-02
2.230950212689984322e-02
2.253694858762659084e-02
2.270763442295219495e-02
2.281299811439887679e-02
2.286056459909231384e-02
2.286589566678224467e-02
2.284547055123879733e-02
2.281262741054503398e-02
2.277576963579371408e-02
2.273781010890092366e-02
2.269672958666920509e-02
2.264778040591640743e-02
2.258737063691192842e-02
2.251688747989422784e-02
2.244327339120574111e-02
2.237439365402663430e-02
2.231068524720199869e-02
2.223750522680887493e-02
2.212427082998123795e-02
2.193603494822363512e-02
2.165525181120476692e-02
2.129777350223853796e-02
2.090715113585782034e-02
2.053211875972884431e-02
2.020634109795813038e-02
1.994164192949129596e-02
1.973263049753954182e-02
1.956533810201978307e-02
1.942403111080425945e-02
1.929419348839274406e-02
1.916258683340538865e-02
1.901626957973601845e-02
1.884206242608740117e-02
1.862676924885713764e-02
1.835687757040218096e-02
1.801577538632179870e-02
1.757868232467179465e-02
1.701209287161821113e-02
1.629887181940421759e-02
1.552107527313028625e-02
1.493341590188454124e-02
1.476111442786180034e-02
1.490765662205083275e-02
1.513051734730624411e-02
1.529319733337899945e-02
1.536491805695286428e-02
1.535524922169428236e-02
1.528168100131586417e-02
1.516194274158084131e-02
1.501710048861230710e-02
1.488183144761028726e-02
1.482304626725067416e-02
1.495770701662403265e-02
1.540748389361935519e-02
1.609798660979070220e-02
1.666244870322767385e-02
1.683582428739887477e-02
1.669352113640723556e-02
1.645030907694605346e-02
1.628735214857069541e-02
1.626596114521360742e-02
1.634001977361704619e-02
1.645240328621477843e-02
1.658441429355569235e-02
1.673314892369217807e-02
1.689478459470554819e-02
1.708690674095298193e-02
1.737941823047564269e-02
1.788362975447753064e-02
1.874527516320804651e-02
2.019051156161956462e-02
2.258773949074702539e-02
2.637272173017705945e-02
3.127186389087421164e-02
3.463767547930373530e-02
3.352844203229277120e-02
2.972159197104685610e-02
2.609000936518358557e-02
2.345001408749631741e-02
2.164715018871226498e-02
2.040991834255460186e-02
1.953895327089398212e-02
1.890698696403539381e-02
1.843443747602670213e-02
1.807088438819035719e-02
1.778374933208253655e-02
1.755168648937119671e-02
1.736063833572477899e-02
1.720129584357567992e-02
1.706725251560442524e-02
1.695348738191043356e-02
1.685512568286214041e-02
1.676681090541311259e-02
1.668320541125297221e-02
1.660064989824297163e-02
1.651898200203788178e-02
1.644192841207406039e-02
1.637515222073344240e-02
1.632261195372787174e-02
1.628321976192025067e-02
1.625006257389434786e-02
1.621335860424215694e-02
1.616588819704603552e-02
1.610729766614722724e-02
1.604383857393518534e-02
1.598313287343289257e-02
1.592726328078920492e-02
1.586898200768472114e-02
1.579339640596731653e-02
1.568350187404103993e-02
1.552674207034718777e-02
1.532105100646163551e-02
1.507875473040883388e-02
1.482514435377858646e-02
1.459023353909840240e-02
1.439850591824285916e-02
1.426444872517146183e-02
1.419621223854091070e-02
1.420317080709736397e-02
1.430211354590169189e-02
1.451824781519712310e-02
1.487713351169653829e-02
1.538488815900365680e-02
1.600455551420646577e-02
1.665325592336957747e-02
1.723671712979966616e-02
1.769502034853142475e-02
1.801822383711502301e-02
1.822929213231581913e-02
1.835971666034459659e-02
1.843358582802046702e-02
1.846047079316859990e-02
1.843385881205806057e-02
1.833501596452648263e-02
1.814390569422577246e-02
1.785383922631002956e-02
1.747927656727062476e-02
1.705006002747933708e-02
1.659866212629091883e-02
1.615074325607957287e-02
1.572144621855614197e-02
1.531431901689952156e-02
1.492057262396775073e-02
1.451888124127812679e-02
1.407770031640696515e-02
1.356356608253440552e-02
1.295913552193969642e-02
1.228868761136491482e-02
1.163323258310378604e-02
1.110999158023906475e-02
1.082051917702425876e-02
1.081026669360018837e-02
1.106687668104583758e-02
1.154076104764841654e-02
1.216435785192176815e-02
1.286566852785143121e-02
1.358040538280904340e-02
1.426219003497335332e-02
1.488646971282047218e-02
1.544695790794056722e-02
1.594775889454116274e-02
1.639481650600324927e-02
1.678813476154007722e-02
1.711469665485564756e-02
1.734335993338115972e-02
1.742766928066515411e-02
1.732547833204868201e-02
1.703190534638461887e-02
1.659623675296864956e-02
1.609865279752959247e-02
1.560989006234349448e-02
1.517162787896873463e-02
1.480143913429150457e-02
1.450528928812711178e-02
1.428690029669376499e-02
1.415279017127789828e-02
1.411435512306805952e-02
1.418614015355492558e-02
1.437609658534071827e-02
1.466544757660025351e-02
1.499150630418530881e-02
1.526342020506766053e-02
1.541334728229192159e-02
1.543524981591984889e-02
1.538404675313428081e-02
1.535852655585203709e-02
1.547010850762682230e-02
1.576680551175732234e-02
1.617947012663654288e-02
1.659817774342410568e-02
1.696468161013130541e-02
1.727195773514684715e-02
1.753146271472276821e-02
1.775550758744192867e-02
1.795274326770483417e-02
1.812819668102761544e-02
1.828409130359922793e-02
1.842116585528807277e-02
1.854159781890395847e-02
1.865047828191094756e-02
1.875180271378801278e-02
1.884589705970010978e-02
1.893143837487606951e-02
1.900721640245943422e-02
1.907231887133158457e-02
1.912584590353751460e-02
1.916673466524608863e-02
1.919371984126677991e-02
1.920535303764587046e-02
1.920009227105547167e-02
1.917666109841166533e-02
1.913505473817652541e-02
1.907796294454233363e-02
1.900985528904805197e-02
1.892896003599683907e-02
1.881521150489775390e-02
1.863817949694921913e-02
1.840562923424494957e-02
1.819215070390100414e-02
1.807679868781229826e-02
1.808353963786176605e-02
1.819497873129677715e-02
1.837714047694941066e-02
1.856937861735790188e-02
1.863160109927207084e-02
1.831847409177441571e-02
1.759157346346090431e-02
1.694468111508979843e-02
1.670044092928260615e-02
1.674474665626661182e-02
1.691802071232388280e-02
1.713407732442355155e-02
1.735415783601502657e-02
1.756378227607550621e-02
1.776123698969988077e-02
1.795087339302286339e-02
1.813907245321243200e-02
1.833212282465902440e-02
1.853552497256768031e-02
1.875323772163113925e-02
1.898248525505081760e-02
1.920416319949759879e-02
1.938885748353330260e-02
1.952666480950378258e-02
1.963610683329290382e-02
1.974007431908561538e-02
1.984646938964451310e-02
1.994118641430894442e-02
1.998543240660830694e-02
1.993705130372417506e-02
1.981193234023674588e-02
1.969026742087223031e-02
1.962802351710169271e-02
1.962142410501297937e-02
1.963914721379229206e-02
1.965773231888009315e-02
1.967829021934884917e-02
1.971334700486747707e-02
1.976464172413234036e-02
1.982603071127925914e-02
1.989417384968859837e-02
1.996761225703394538e-02
2.004491339284108359e-02
