4.140346042992664177e-01
4.180877063622748246e-01
4.221855185502781938e-01
4.263265135934561356e-01
4.305089769649553255e-01
4.347312506662169285e-01
4.389916413054073541e-01
4.432884124683150184e-01
4.476197266514098660e-01
4.519838912483844506e-01
4.563790607180895353e-01
4.608034324392784042e-01
4.652551345696021579e-01
4.697323913459447442e-01
4.742332673254492370e-01
4.787559362450666822e-01
4.832985132553378471e-01
4.878591694378341392e-01
4.924359660751481682e-01
4.970271253820613966e-01
5.016307506784486447e-01
5.062450146414294583e-01
5.108680200451040099e-01
5.154980245566542774e-01
5.201330749947832288e-01
5.247713637491068228e-01
5.294111212051245685e-01
5.340504325920181206e-01
5.386876159469363712e-01
5.433208832221484430e-01
5.479483743566090359e-01
5.525683250268452751e-01
5.571789862584874964e-01
5.617785878702461488e-01
5.663653523645428844e-01
5.709375619103773669e-01
5.754934608349788761e-01
5.800313421233377342e-01
5.845494375648138119e-01
5.890460369319385769e-01
5.935194348304818623e-01
5.979679002471594007e-01
6.023897324718706647e-01
6.067831746501743950e-01
6.111465974302194848e-01
6.154782724228023971e-01
6.197765298205359930e-01
6.240396429806448486e-01
6.282659408885437058e-01
6.324537895899859929e-01
6.366014491565249456e-01
6.407072808472895620e-01
6.447695416492790210e-01
6.487866986913599643e-01
6.527570578557310155e-01
6.566789700649600103e-01
6.605508697340864988e-01
6.643710530039153017e-01
6.681379047011246630e-01
6.718499063761282919e-01
6.755054401060476277e-01
6.791029773742727205e-01
6.826409468744064624e-01
6.861178452174874209e-01
6.895321662002649177e-01
6.928824399985775706e-01
6.961672002086735089e-01
6.993850483113319694e-01
7.025345853860135437e-01
7.056144364730890794e-01
7.086232967505103897e-01
7.115598688108735193e-01
7.144229020938052122e-01
7.172111437796275801e-01
7.199234819356937765e-01
7.225587661137251594e-01
7.251159154083500757e-01
7.275939508242199594e-01
7.299918122891828620e-01
7.323086043821086522e-01
7.345434524407598031e-01
7.366956088665327362e-01
7.387642096633183497e-01
7.407486010267759768e-01
7.426481132998525858e-01
7.444622222409694734e-01
7.461903952189127276e-01
7.478321738776680938e-01
7.493871967965063385e-01
7.508551430948183780e-01
7.522357204922145435e-01
7.535288231876312581e-01
7.547343103365403705e-01
7.558521550520987953e-01
7.568823619488371790e-01
7.578250377689129680e-01
7.586804610736657128e-01
7.594486939995596098e-01
7.601300450056736047e-01
7.607250170874367834e-01
7.612339868625912498e-01
7.616574418415262837e-01
7.619959885866472993e-01
7.622502576550186371e-01
7.624208913847596580e-01
7.625087181508490852e-01
7.625145283442597011e-01
7.624391952419158347e-01
7.622837032434199855e-01
7.620489628180616704e-01
7.617360405830366776e-01
7.613460896137319578e-01
7.608801566719710641e-01
7.603394637168149339e-01
7.597252396940080699e-01
7.590387126505377946e-01
7.582812539080545644e-01
7.574541821729189328e-01
7.565588770773724603e-01
7.555966462004973794e-01
7.545690813444839717e-01
7.534775791873808970e-01
7.523236248349557398e-01
7.511087924971933116e-01
7.498345009802916961e-01
7.485023378259858529e-01
7.471139693125101733e-01
7.456707954292853824e-01
7.441744695827553491e-01
7.426265192464072129e-01
7.410286330702704483e-01
7.393823649679516219e-01
7.376892088835647066e-01
7.359509153560305217e-01
7.341690036812289488e-01
7.323451282898686410e-01
7.304807482269103369e-01
7.285775319370777492e-01
7.266369478737635390e-01
7.246606109519974082e-01
7.226500427250812653e-01
7.206066510626759625e-01
7.185320718775717319e-01
7.164277317583014337e-01
7.142951532328811748e-01
7.121356985356053215e-01
7.099508195365041852e-01
7.077419144264038842e-01
7.055104163713987742e-01
7.032576025613810344e-01
7.009848369074791474e-01
6.986934279863017405e-01
6.963845484099159266e-01
6.940596135835619407e-01
6.917197826161202157e-01
6.893662546275772796e-01
6.870002196672706507e-01
6.846227930459030109e-01
6.822351033490674510e-01
6.798382384755879970e-01
6.774333564165447852e-01
6.750213402459723788e-01
6.726032616006268894e-01
6.701801003510663435e-01
6.677527171692122510e-01
6.653221798678107257e-01
6.628893209536078635e-01
6.604549746950199030e-01
6.580200313449977578e-01
6.555852804130750666e-01
6.531515060417271146e-01
6.507195830920615709e-01
6.482900573819085910e-01
6.458637183816123839e-01
6.434412110129429374e-01
6.410232547594979513e-01
6.386104554044095272e-01
6.362033431667321048e-01
6.338026253635034024e-01
6.314088063065411704e-01
6.290225132093733018e-01
6.266441370901170149e-01
6.242741511980604008e-01
6.219131110598210554e-01
6.195614365278832025e-01
6.172195433349686455e-01
6.148878490284505061e-01
6.125667322645154123e-01
6.102566035887297957e-01
6.079577502017036172e-01
6.056705253111842602e-01
6.033952404070522801e-01
6.011321896385906083e-01
5.988815808960326059e-01
5.966437720809470990e-01
5.944189615954067474e-01
5.922073730152510596e-01
5.900092357858529590e-01
5.878247088925404595e-01
5.856539840376857597e-01
