3.296777479972666791e-01
3.300224151403846617e-01
3.303944607677691825e-01
3.307946105302412843e-01
3.312236208747146859e-01
3.316822656533316427e-01
3.321713799977172310e-01
3.326918112066959976e-01
3.332444481790999835e-01
3.338301946004179621e-01
3.344500428442837014e-01
3.351049836637374213e-01
3.357960613690978979e-01
3.365243275771290232e-01
3.372909652796255986e-01
3.380971310359451865e-01
3.389440172480492341e-01
3.398329506819925405e-01
3.407652392350822845e-01
3.417422670845218780e-01
3.427654340727693261e-01
3.438363036954470986e-01
3.449564114358538713e-01
3.461273386106498151e-01
3.473508474934715040e-01
3.486286710110911846e-01
3.499626091638911585e-01
3.513546400863215013e-01
3.528066830943388799e-01
3.543208657392293848e-01
3.558992656081972350e-01
3.575441944063219579e-01
3.592579631748067381e-01
3.610428925732571126e-01
3.629016318477549241e-01
3.648367470908367438e-01
3.668508300144980305e-01
3.689468574830676029e-01
3.711276801381643287e-01
3.733961993709575267e-01
3.757556981352265235e-01
3.782093345079552416e-01
3.807603445890918592e-01
3.834122826395194306e-01
3.861685945077260040e-01
3.890329305429665041e-01
3.920089814449044252e-01
3.951005886258384114e-01
3.983115244563202872e-01
4.016458121059373609e-01
4.051072651199092434e-01
4.087000813410537337e-01
4.124280865846769450e-01
4.162954564791609968e-01
4.203060323549881461e-01
4.244637915202588152e-01
4.287724877798463341e-01
4.332357473927885838e-01
4.378569967122971640e-01
4.426395024636528563e-01
4.475859688546131587e-01
4.526990577123915505e-01
4.579805303322110888e-01
4.634321592222205299e-01
4.690542710232838419e-01
4.748470664547781994e-01
4.808096730195803303e-01
4.869401049437787066e-01
4.932352704488233708e-01
4.996909527661567152e-01
5.063010051644356579e-01
5.130584061912329963e-01
5.199533778631527658e-01
5.269752742507094467e-01
5.341103499476098637e-01
5.413431627142405445e-01
5.486556195107715750e-01
5.560271523264892490e-01
5.634349119228513336e-01
5.708530563104098343e-01
5.782528362492143081e-01
5.856036097882399982e-01
5.928712210436033470e-01
6.000198200844529817e-01
6.070108189407084076e-01
6.138043264656505293e-01
6.203589823244241019e-01
6.266320408707023448e-01
6.325805997645784773e-01
6.381625852308108193e-01
6.433356059808610361e-01
6.480593560735898873e-01
6.522964881711604823e-01
6.560113619005530916e-01
6.591739265768398193e-01
6.617576851322986009e-01
6.637408735457883679e-01
6.651076175723624750e-01
6.658480874412633366e-01
6.659576363003760768e-01
6.654388037261935729e-01
6.643000924080235681e-01
6.625550538872206907e-01
6.602240870799184203e-01
6.573305687660259133e-01
6.539037944639984890e-01
6.499767868413763861e-01
6.455852874887496595e-01
6.407669204080622682e-01
6.355623236198315595e-01
6.300117690380082625e-01
6.241564793518677989e-01
6.180364821021769872e-01
6.116925060261700908e-01
6.051632559325595961e-01
5.984854259889678119e-01
5.916934330467432668e-01
5.848210639748077089e-01
5.778983281662173344e-01
5.709533290618193924e-01
5.640110439396318620e-01
5.570952381493305960e-01
5.502260709210623491e-01
5.434223719373210137e-01
5.366991820400435209e-01
5.300707694854006613e-01
5.235490509346379939e-01
5.171440811566708762e-01
5.108640402685806770e-01
5.047154051871679536e-01
4.987038152543650238e-01
4.928332336193946284e-01
4.871067009709095230e-01
4.815259495380424526e-01
4.760916658140641466e-01
4.708047816376008110e-01
4.656643019637751735e-01
4.606695175919357510e-01
4.558187717567525610e-01
4.511101592596615251e-01
4.465414070269677072e-01
4.421097264866981069e-01
4.378125008497244508e-01
4.336469306754568431e-01
4.296095150257607798e-01
4.256969151716188948e-01
4.219060762198484915e-01
4.182335001074216074e-01
4.146759016050396984e-01
4.112296799288414073e-01
4.078915074432342691e-01
4.046582286929046868e-01
4.015263316987691677e-01
3.984925036872313253e-01
3.955537263851766072e-01
3.927068603820462189e-01
3.899488246277686976e-01
3.872767329315853213e-01
3.846876723075221549e-01
3.821789011915772138e-01
3.797475627842276658e-01
3.773912973473416144e-01
3.751076944918860234e-01
3.728941102233411797e-01
3.707482221977583259e-01
3.686680088757504081e-01
3.666511549144980675e-01
3.646957184962333343e-01
3.627998822002640456e-01
3.609615993815959434e-01
3.591790725281577279e-01
3.574507270135097725e-01
3.557749035357494205e-01
3.541501823420847850e-01
3.525749701722125651e-01
3.510479560940842347e-01
3.495677658775804275e-01
3.481332835014666616e-01
3.467433149872711784e-01
3.453967634006556708e-01
3.440926100358502326e-01
3.428299317126438095e-01
3.416077838873078365e-01
3.404253518554306024e-01
3.392817826069108311e-01
3.381764536413308098e-01
3.371086554088053022e-01
3.360777422986455654e-01
3.350831599826186169e-01
3.341243418383319508e-01
3.332007776086123307e-01
3.323120226889761386e-01
3.314576322793817975e-01
3.306372059765780302e-01
3.298503497402409113e-01
3.290966949396582630e-01
3.283759015456766961e-01
3.276876248687460857e-01
3.270315461461661410e-01
3.264073112988608583e-01
