1.035867808738072604e+01
1.045628420455928342e+01
1.055396562229741342e+01
1.065165079760967792e+01
1.074926617624931069e+01
1.084673650779560994e+01
1.094398502323937450e+01
1.104093347988131057e+01
1.113750214666807103e+01
1.123361068860171486e+01
1.132917748318238615e+01
1.142412039955893022e+01
1.151835675952456839e+01
1.161180383531627491e+01
1.170437846381772573e+01
1.179599812456711128e+01
1.188658037651650723e+01
1.197604364556272039e+01
1.206430725596661269e+01
1.215129165333687489e+01
1.223691848996922005e+01
1.232111145961418686e+01
1.240379569212557520e+01
1.248489863825401081e+01
1.256435000501130972e+01
1.264208178455743692e+01
1.271802904316260374e+01
1.279212925628236164e+01
1.286432331851900379e+01
1.293455513863731277e+01
1.300277221403224637e+01
1.306892523368566650e+01
1.313296877050739830e+01
1.319486104035269847e+01
1.325456389892058517e+01
1.331204318936661224e+01
1.336726883250177167e+01
1.342021430209470978e+01
1.347085719655385283e+01
1.351917928140497338e+01
1.356516590736966421e+01
1.360880665237213094e+01
1.365009473854878230e+01
1.368902738223222215e+01
1.372560517018204607e+01
1.375983278174436997e+01
1.379171794235416471e+01
1.382127201053401322e+01
1.384850979638272683e+01
1.387344890969245448e+01
1.389611040597368330e+01
1.391651792219042427e+01
1.393469798703453932e+01
1.395067960321841838e+01
1.396449415821064299e+01
1.397617540875952535e+01
1.398575925995650593e+01
1.399328333978966477e+01
1.399878723699642258e+01
1.400231213608582159e+01
1.400390062072800390e+01
1.400359648895555154e+01
1.400144501853593404e+01
1.399749224729957753e+01
1.399178508655377229e+01
1.398437123129270887e+01
1.397529909996604580e+01
1.396461727060423996e+01
1.395237481493922793e+01
1.393862120597626308e+01
1.392340584013241234e+01
1.390677811432955657e+01
1.388878752736960642e+01
1.386948343857588206e+01
1.384891458101933104e+01
1.382712970279835041e+01
1.380417705640035564e+01
1.378010430322237667e+01
1.375495895191603424e+01
1.372878736950832490e+01
1.370163578064417287e+01
1.367354959091819389e+01
1.364457328387293877e+01
1.361475085530791596e+01
1.358412535773726049e+01
1.355273913342645464e+01
1.352063347335723087e+01
1.348784922517959473e+01
1.345442612726270681e+01
1.342040297400378535e+01
1.338581781077558830e+01
1.335070779909650796e+01
1.331510911634428673e+01
1.327905713725250969e+01
1.324258618706432955e+01
1.320573002390941397e+01
1.316852132151674581e+01
1.313099182743927251e+01
1.309317253701038908e+01
1.305509361263223411e+01
1.301678426668282640e+01
1.297827299010225666e+01
1.293958726659063885e+01
1.290075415544265525e+01
1.286179968325517997e+01
1.282274903236877783e+01
1.278362680933714479e+01
1.274445677699196366e+01
1.270526197984460381e+01
1.266606482701778091e+01
1.262688704015873675e+01
1.258774958138167399e+01
1.254867283382015586e+01
1.250967646865624872e+01
1.247077965505263641e+01
1.243200086022558892e+01
1.239335800494622930e+01
1.235486841965044746e+01
1.231654887721902902e+01
1.227841562769191697e+01
1.224048444733326590e+01
1.220277045144135641e+01
1.216528838435253057e+01
1.212805238332142643e+01
1.209107634417972932e+01
1.205437351503027088e+01
1.201795680632590013e+01
1.198183857877418212e+01
1.194603087982546796e+01
1.191054533244543201e+01
1.187539314834699944e+01
1.184058517718730563e+01
1.180613183808949529e+01
1.177204332257991659e+01
1.173832935834651003e+01
1.170499944062316366e+01
1.167206255804544135e+01
1.163952752710313732e+01
1.160740278247510915e+01
1.157569654065938636e+01
1.154441664041500104e+01
1.151357070197366816e+01
1.148316593098597949e+01
1.145320942967236455e+01
1.142370794902652875e+01
1.139466798634316902e+01
1.136609583222791109e+01
1.133799746038863532e+01
1.131037865381166618e+01
1.128324493124790528e+01
1.125660162615807458e+01
1.123045382033342854e+01
1.120480637233831800e+01
1.117966394888112980e+01
1.115503097935772203e+01
1.113091170609230929e+01
1.110731016373784996e+01
1.108423019689129951e+01
1.106167541875243998e+01
1.103964932228289797e+01
1.101815514820011721e+01
1.099719597703791685e+01
1.097677471576753661e+01
1.095689404994026717e+01
1.093755652752265028e+01
1.091876449509040725e+01
1.090052015698367782e+01
1.088282548369495295e+01
1.086568231763409287e+01
1.084909231813200670e+01
1.083305691241307933e+01
1.081757750094931403e+01
1.080265519788717477e+01
1.078829099092489407e+01
1.077448563827626415e+01
1.076123977740548909e+01
1.074855386763046639e+01
1.073642817051887022e+01
1.072486281807923270e+01
1.071385772279134940e+01
1.070341262681422378e+01
1.069352711529514366e+01
1.068420057103644716e+01
1.067543219565677681e+01
1.066722105721837011e+01
1.065956586124295313e+01
1.065246535071583267e+01
1.064591790615226863e+01
1.063992179645825864e+01
1.063447503533251037e+01
1.062957551248221399e+01
1.062522076983469432e+01
1.062140823891384400e+01
1.061813511238483621e+01
1.061539832576852405e+01
1.061319460996279140e+01
1.061152045279506417e+01
1.061037209922814384e+01
1.060974561319407883e+01
1.060963664107899795e+01
