9.564976676914212217e-02
9.609396736362950386e-02
9.655190960852141902e-02
9.702399578879901398e-02
9.751064309404210151e-02
9.801227948528734579e-02
9.852934363328881562e-02
9.906230056074484536e-02
9.961162184359978466e-02
1.001777856074225065e-01
1.007613126491015559e-01
1.013627218342989939e-01
1.019825515523708759e-01
1.026213618407669087e-01
1.032797377850136478e-01
1.039582681984546897e-01
1.046575688554749473e-01
1.053782865840553890e-01
1.061210716799578235e-01
1.068866110028001970e-01
1.076756101827006651e-01
1.084887815968883368e-01
1.093268789461549484e-01
1.101906625560428316e-01
1.110809120105138020e-01
1.119984503848649726e-01
1.129441032676208739e-01
1.139187315966577047e-01
1.149231873249377256e-01
1.159583740188707829e-01
1.170251796546310785e-01
1.181245487602092109e-01
1.192574162538351107e-01
1.204246985612264509e-01
1.216274005332074193e-01
1.228664664236239629e-01
1.241428797928807587e-01
1.254576111060863031e-01
1.268116319098393785e-01
1.282059065436370882e-01
1.296413868387051582e-01
1.311190212174895287e-01
1.326396997733510497e-01
1.342043091598707494e-01
1.358137289692569194e-01
1.374686972759935344e-01
1.391700006029131242e-01
1.409182754587521846e-01
1.427141439314386084e-01
1.445580959244861796e-01
1.464505427972825624e-01
1.483917860135406108e-01
1.503819665653949866e-01
1.524210915005568823e-01
1.545090301134964816e-01
1.566454094461467161e-01
1.588297406442191750e-01
1.610612431336474748e-01
1.633389500454794085e-01
1.656616037645053108e-01
1.680277007280249757e-01
1.704353842096132388e-01
1.728825765057651898e-01
1.753667394444900773e-01
1.778851093793950289e-01
1.804344461258062526e-01
1.830111935307789095e-01
1.856113884529826952e-01
1.882306209675527475e-01
1.908641730221757316e-01
1.935067820526878979e-01
1.961529403379153880e-01
1.987965999960670804e-01
2.014314457174745110e-01
2.040507694472096789e-01
2.066475402361071245e-01
2.092143594161939291e-01
2.117437483364363049e-01
2.142277874770052992e-01
2.166586091046386608e-01
2.190282496308113280e-01
2.213285999679666383e-01
2.235517032810857285e-01
2.256896484278322346e-01
2.277348746583529038e-01
2.296798633399352307e-01
2.315177532171505959e-01
2.332418975011094908e-01
2.348463277318854348e-01
2.363254397372308857e-01
2.376745169150186188e-01
2.388892598513588372e-01
2.399663049102150891e-01
2.409030539131595261e-01
2.416976187172803214e-01
2.423490433178136227e-01
2.428569174551050147e-01
2.432220466530322645e-01
2.434455502999725851e-01
2.435295378442525749e-01
2.434768410051794396e-01
2.432908995813662933e-01
2.429757654084511720e-01
2.425359662989514664e-01
2.419765452277148898e-01
2.413030164482879991e-01
2.405210128295676153e-01
2.396368122589142835e-01
2.386566197320712235e-01
2.375868038105196645e-01
2.364338202379638043e-01
2.352041777723119786e-01
2.339044606794232206e-01
2.325409870567858861e-01
2.311200539290110545e-01
2.296476890072526866e-01
2.281299170346835492e-01
2.265723840061187322e-01
2.249805917521582321e-01
2.233597189076819423e-01
2.217146246659512099e-01
2.200500580892169877e-01
2.183703737349273200e-01
2.166796590240555320e-01
2.149816798539212204e-01
2.132799077318300041e-01
2.115776653631665505e-01
2.098778775376126671e-01
2.081833420666403811e-01
2.064963974501861643e-01
2.048193517983102341e-01
2.031541436331343320e-01
2.015026904636379734e-01
1.998664358378527128e-01
1.982468509144899860e-01
1.966451363378436401e-01
1.950623817723103059e-01
1.934994661603283983e-01
1.919571237963905164e-01
1.904360375729621246e-01
1.889367259124975773e-01
1.874595691157610045e-01
1.860048850373212104e-01
1.845729165348387601e-01
1.831637756687436169e-01
1.817774727669007051e-01
1.804140915968799608e-01
1.790735995548747017e-01
1.777558021696914736e-01
1.764605635857260657e-01
1.751876800448876892e-01
1.739369471163602077e-01
1.727081442707698866e-01
1.715008844676042810e-01
1.703149245896755093e-01
1.691499311135345462e-01
1.680055500978355765e-01
1.668814345509846697e-01
1.657772508974556525e-01
1.646926042824043146e-01
1.636271400124606479e-01
1.625804530291381222e-01
1.615522162185519806e-01
1.605420384006076839e-01
1.595495584076617179e-01
1.585744102282311274e-01
1.576162654126634644e-01
1.566747358411960112e-01
1.557494953940295745e-01
1.548401684555938407e-01
1.539464849174395356e-01
1.530681261649916858e-01
1.522047508955601813e-01
1.513560740665038651e-01
1.505217930008017346e-01
1.497016492490225448e-01
1.488953581161623074e-01
1.481026705969047119e-01
1.473233331194822859e-01
1.465571413057567551e-01
1.458038177857393647e-01
1.450631267271449143e-01
1.443349169179704850e-01
1.436189954858570761e-01
1.429151218578417482e-01
1.422231491668487224e-01
1.415428930181209244e-01
1.408742011731747013e-01
1.402169248965515480e-01
1.395709137389765653e-01
1.389360365677914100e-01
1.383121496625816516e-01
1.376991554128293438e-01
1.370969331754241516e-01
1.365053778170921550e-01
1.359244237717800452e-01
1.353539373290231773e-01
1.347938547003497967e-01
1.342440911929169423e-01
1.337045922035401957e-01
