2.173335662258774281e+00
2.204389426505261262e+00
2.235868312810885161e+00
2.267769264655287831e+00
2.300088505231889791e+00
2.332821721830768080e+00
2.365963876653361719e+00
2.399509367126894333e+00
2.433451844257717767e+00
2.467784426962131850e+00
2.502499518531902556e+00
2.537588965118806161e+00
2.573043980286927379e+00
2.608855227445236569e+00
2.645012825101037190e+00
2.681506377331759783e+00
2.718325006532381405e+00
2.755457470189089708e+00
2.792892123654856729e+00
2.830616994256000218e+00
2.868619952574269050e+00
2.906888603699232299e+00
2.945410677432941604e+00
2.984173581816055965e+00
3.023165009881988219e+00
3.062372909285733247e+00
3.101785405586503064e+00
3.141391077937481402e+00
3.181178886707836106e+00
3.221138578183388557e+00
3.261260534074226669e+00
3.301536012255596120e+00
3.341957181152481304e+00
3.382517303138402376e+00
3.423210748206427123e+00
3.464033400405207797e+00
3.504982234580324540e+00
3.546056010636008615e+00
3.587254889996922991e+00
3.628580839251599688e+00
3.670037586180645572e+00
3.711630695025731175e+00
3.753367633113356749e+00
3.795258587153712782e+00
3.837313740045078969e+00
3.879547239131901915e+00
3.921974741037611345e+00
3.964614098638952644e+00
4.007485098026812409e+00
4.050609797663693890e+00
4.094012192524996152e+00
4.137718421508768785e+00
4.181756481558035254e+00
4.226156480554353223e+00
4.270950240643668572e+00
4.316171389279204185e+00
4.361855201781551727e+00
4.408038610406995517e+00
4.454759649250012110e+00
4.502058034721984292e+00
4.549974261982066004e+00
4.598549920621120890e+00
4.647827220632389178e+00
4.697846029036162996e+00
4.748655357439525382e+00
4.800295455608939221e+00
4.852809276483428746e+00
4.906239327951535500e+00
4.960627397640624103e+00
5.016013910885057214e+00
5.072438067369536618e+00
5.129937184755582358e+00
5.188546236007776535e+00
5.248297542984688313e+00
5.309220241908692905e+00
5.371339875387478813e+00
5.434677550444166449e+00
5.499249826836467570e+00
5.565067775369676895e+00
5.632136175703701397e+00
5.700453235169330668e+00
5.770010459917153334e+00
5.840788075861578221e+00
5.912760109362469763e+00
5.985889490245234867e+00
6.060128184225996861e+00
6.135416162865601208e+00
6.211680559102013000e+00
6.288834508897345188e+00
6.366776262176518486e+00
6.445388234828604013e+00
6.524535833488627645e+00
6.604066834955481191e+00
6.683810159851500288e+00
6.763575367098821012e+00
6.843151896813854940e+00
6.922308462716988409e+00
7.000792880036712518e+00
7.078332086956193869e+00
7.154631237563129353e+00
7.229375778121532647e+00
7.302230999805948031e+00
7.372843629302781032e+00
7.440843156341186315e+00
7.505844073556343865e+00
7.567448107128720736e+00
7.625247034880321628e+00
7.678826399925145374e+00
7.727769008218866809e+00
7.771659387288133658e+00
7.810088187092148360e+00
7.842657629151660537e+00
7.868987687002769071e+00
7.888716540663453181e+00
7.901513415404104457e+00
7.907079331333557448e+00
7.905153124432875877e+00
7.895516539134609602e+00
7.877998516677510388e+00
7.852478653916849183e+00
7.818890515273292152e+00
7.777223722383696192e+00
7.727524762342763864e+00
7.669898070329431938e+00
7.604504371364127380e+00
7.531558801519030233e+00
7.451330493280331702e+00
7.364135639282967105e+00
7.270335250342546018e+00
7.170329771299575938e+00
7.064553568881280832e+00
6.953468646527848129e+00
6.837559490927072936e+00
6.717325886787441469e+00
6.593277274242455910e+00
6.465926794206629857e+00
6.335786003165799762e+00
6.203359477269635214e+00
6.069139354349208482e+00
5.933602939462012671e+00
5.797207792592711684e+00
5.660388982570850658e+00
5.523557045846129832e+00
5.387095974315739610e+00
5.251361711670305965e+00
5.116681703284537086e+00
4.983354208198211843e+00
4.851648906218664514e+00
4.721806664862780778e+00
4.594040415473947370e+00
4.468535944468222887e+00
4.345454799309409921e+00
4.224932471641597687e+00
4.107081764147411107e+00
3.991994127522920710e+00
3.879740898140344729e+00
3.770375134121918936e+00
3.663932483074286317e+00
3.560433640893032159e+00
3.459885071916193766e+00
3.362280905100698547e+00
3.267603773040589132e+00
3.175826755708988536e+00
3.086913992931741291e+00
3.000822367352776077e+00
2.917501782303131730e+00
2.836897181017902003e+00
2.758948574932147402e+00
2.683592241699966685e+00
2.610761455161552558e+00
2.540387185006144577e+00
2.472398590346231106e+00
2.406723690800214754e+00
2.343289895152516955e+00
2.282024297253043343e+00
2.222854187092103473e+00
2.165707315620192031e+00
2.110512188901340291e+00
2.057198520165699485e+00
2.005697066045807553e+00
1.955940175987117557e+00
1.907861693675295678e+00
1.861397341426068497e+00
1.816484380734412873e+00
1.773062173998467772e+00
1.731071976180431404e+00
1.690457006880778712e+00
1.651162479106759617e+00
1.613135622822274629e+00
1.576325667664265406e+00
1.540683770616884773e+00
1.506163127853751060e+00
1.472718808695512083e+00
1.440307758049745646e+00
1.408888769042710765e+00
1.378422431107108492e+00
1.348871075253431862e+00
1.320198678559786787e+00
1.292370851267384824e+00
1.265354813297402181e+00
