2.746888875520627216e-01
2.761279954096701461e-01
2.776609248216390657e-01
2.792911148143874533e-01
2.810220311022628148e-01
2.828572815776408400e-01
2.848005095140480614e-01
2.868554579352759482e-01
2.890260779579131301e-01
2.913163796887829893e-01
2.937305882382533206e-01
2.962729965393330889e-01
2.989481549108423120e-01
3.017607896105025111e-01
3.047157963891029553e-01
3.078183830459672032e-01
3.110739625749682213e-01
3.144881484287783135e-01
3.180669022204332674e-01
3.218164550864394124e-01
3.257433613585822840e-01
3.298545123969585102e-01
3.341570344442296170e-01
3.386586741833993996e-01
3.433673027219276697e-01
3.482914309024187083e-01
3.534398736875892233e-01
3.588218667590365452e-01
3.644473040005474784e-01
3.703264483956274500e-01
3.764699774588367576e-01
3.828894863185904329e-01
3.895967907473243397e-01
3.966045294651401321e-01
4.039258571423270383e-01
4.115745396553638358e-01
4.195651636565309595e-01
4.279128767070585204e-01
4.366336259010147325e-01
4.457439126756687076e-01
4.552612173732901168e-01
4.652036179605907318e-01
4.755896443515581495e-01
4.864392344409368962e-01
4.977723036754263530e-01
5.096100443107128841e-01
5.219738260772134320e-01
5.348859123578812991e-01
5.483688931057181248e-01
5.624457920201118011e-01
5.771402083707517505e-01
5.924750843619872587e-01
6.084739706088103661e-01
6.251599903450134610e-01
6.425556372351922674e-01
6.606823065384558324e-01
6.795603189421496326e-01
6.992081301404440286e-01
7.196417304888127475e-01
7.408746602633177192e-01
7.629162800073231443e-01
7.857715186833327259e-01
8.094406761625484448e-01
8.339166580295945819e-01
8.591856523979867211e-01
8.852249306061160672e-01
9.120020734095759529e-01
9.394730881536327294e-01
9.675811798723038537e-01
9.962561024248922648e-01
1.025411302646496603e+00
1.054944124018889484e+00
1.084733107298498034e+00
1.114639692184811626e+00
1.144505114721510619e+00
1.174151571050858767e+00
1.203382561442082554e+00
1.231984285856641659e+00
1.259726754030898732e+00
1.286367842168155917e+00
1.311656430358174585e+00
1.335336141736301441e+00
1.357151387255239650e+00
1.376852314487564621e+00
1.394202060140699917e+00
1.408983257186936289e+00
1.421004038111117973e+00
1.430103520943657669e+00
1.436158066516603160e+00
1.439084144893892026e+00
1.438842205843265720e+00
1.435438699575478871e+00
1.428924126934256966e+00
1.419390917348996251e+00
1.406971524547055097e+00
1.391834766776328225e+00
1.374177069693718778e+00
1.354220413960920411e+00
1.332202633921578894e+00
1.308371331400929982e+00
1.282980040317363901e+00
1.256282000631266271e+00
1.228521839985377895e+00
1.199936312672662320e+00
1.170748207445345468e+00
1.141163555241504479e+00
1.111372083787780518e+00
1.081544940573882618e+00
1.051833354494752903e+00
1.022370970026975412e+00
9.932732542991129510e-01
9.646379079722235961e-01
9.365472245721548905e-01
9.090677912922741077e-01
8.822546915950246760e-01
8.561482890833708170e-01
8.307800764846715591e-01
8.061715835779488248e-01
7.823359542868638661e-01
7.592799064083833871e-01
7.370027648005622600e-01
7.155005419735535055e-01
6.947637757483478005e-01
6.747800243402154452e-01
6.555337114131969400e-01
6.370079202319407496e-01
6.191828454124659320e-01
6.020386508420461080e-01
5.855533749435118951e-01
5.697053766869575320e-01
5.544721988478195085e-01
5.398318642711930071e-01
5.257618822156571170e-01
5.122399508049642058e-01
4.992449962796142726e-01
4.867554978236717789e-01
4.747508761190811222e-01
4.632108767332017152e-01
4.521163806231297544e-01
4.414484398911448504e-01
4.311887034610503711e-01
4.213200326682903230e-01
4.118257638111834651e-01
4.026896080954646684e-01
3.938962569857055174e-01
3.854309322798976090e-01
3.772796237738147429e-01
3.694289930735897287e-01
3.618660253758421708e-01
3.545783911271390143e-01
3.475545703395713781e-01
3.407833200821127617e-01
3.342542072720026125e-01
3.279569204634168456e-01
3.218816547340400125e-01
3.160194569890358851e-01
3.103616226566688896e-01
3.048996020189791434e-01
2.996254141104180979e-01
2.945315808980874528e-01
2.896108538418458167e-01
2.848562726939161682e-01
2.802612683897466317e-01
2.758195582773113608e-01
2.715251327118242686e-01
2.673722116160562878e-01
2.633553811589339211e-01
2.594693719312692881e-01
2.557091958879690874e-01
2.520700415835107067e-01
2.485473372718844387e-01
2.451366094880251256e-01
2.418337457069054119e-01
2.386347383880582651e-01
2.355356417989671880e-01
2.325327427090936594e-01
2.296225316424857776e-01
2.268015726098451812e-01
2.240666215315789134e-01
2.214144817534084708e-01
2.188421291811439018e-01
2.163466831569115234e-01
2.139253386361678888e-01
2.115754289415704703e-01
2.092943451068626226e-01
2.070796143226407982e-01
2.049288532913362548e-01
2.028397633597802674e-01
2.008101388635568085e-01
1.988378478757529544e-01
1.969208587597868765e-01
1.950572030612841012e-01
1.932449990874144097e-01
1.914824210975565322e-01
1.897677197278800076e-01
1.880992241629674544e-01
1.864753242213912643e-01
1.848944566509890808e-01
1.833551342839138953e-01
1.818559124266020954e-01
