2.500000000000000139e-02 3.743522433407574512e-01
5.000000000000000278e-02 6.097623441681798706e-01
7.500000000000001110e-02 7.327138974987585929e-01
1.000000000000000056e-01 8.091609703454374358e-01
1.250000000000000000e-01 8.621422663432783962e-01
1.500000000000000222e-01 9.007891329777022449e-01
1.750000000000000167e-01 9.298955149522044605e-01
2.000000000000000111e-01 9.527956018742931299e-01
2.250000000000000056e-01 9.712182132385966948e-01
2.500000000000000000e-01 9.864389869253636922e-01
2.750000000000000222e-01 9.974039069885767272e-01
3.000000000000000444e-01 1.006554936650532195e+00
3.250000000000000111e-01 1.013924353038803128e+00
3.500000000000000333e-01 1.019635542950324103e+00
3.750000000000000000e-01 1.024067530778859814e+00
4.000000000000000222e-01 1.026492460926763384e+00
4.250000000000000444e-01 1.028732990498619104e+00
4.500000000000000111e-01 1.028750621811880928e+00
4.750000000000000333e-01 1.028315157494059218e+00
5.000000000000000000e-01 1.028413366815729590e+00
5.250000000000000222e-01 1.027049636757043194e+00
5.500000000000000444e-01 1.023307374017165206e+00
5.750000000000000666e-01 1.019501236337130523e+00
6.000000000000000888e-01 1.019773095724089806e+00
6.250000000000000000e-01 1.020790601288546595e+00
6.500000000000000222e-01 1.019254609452347804e+00
6.750000000000000444e-01 1.011521052176389102e+00
7.000000000000000666e-01 9.994617076711209691e-01
7.250000000000000888e-01 9.926212353645413877e-01
7.500000000000000000e-01 9.956912539897362358e-01
7.750000000000000222e-01 1.005075562058318939e+00
8.000000000000000444e-01 1.012813618503838997e+00
8.250000000000000666e-01 1.015815671553910837e+00
8.500000000000000888e-01 1.012352258217460887e+00
8.750000000000000000e-01 1.001662916551707694e+00
9.000000000000000222e-01 9.811133094825353895e-01
9.250000000000000444e-01 9.558214332329543206e-01
9.500000000000000666e-01 9.471112358425307631e-01
9.750000000000000888e-01 9.632444562704900459e-01
1.000000000000000000e+00 9.826319708980149059e-01
1.025000000000000133e+00 9.920104806664279407e-01
1.050000000000000044e+00 1.003522268608329604e+00
1.074999999999999956e+00 1.004451746515386157e+00
1.100000000000000089e+00 1.007056080878587778e+00
1.125000000000000000e+00 1.003881215531305049e+00
1.150000000000000133e+00 1.004381077233415631e+00
1.175000000000000044e+00 1.006519346809366056e+00
1.200000000000000178e+00 1.003421883929434877e+00
1.225000000000000089e+00 9.995590073025584221e-01
1.250000000000000000e+00 9.890683682469103566e-01
1.275000000000000133e+00 9.710785694410577484e-01
1.300000000000000044e+00 9.284002481372677362e-01
1.325000000000000178e+00 9.198247171472258010e-01
1.350000000000000089e+00 9.442497352973094893e-01
1.375000000000000000e+00 9.638080604535876894e-01
1.400000000000000133e+00 9.690648170487810020e-01
1.425000000000000044e+00 9.800802751150724523e-01
1.450000000000000178e+00 9.818964055409433733e-01
1.475000000000000089e+00 9.888070954509881050e-01
1.500000000000000000e+00 9.882171981844900532e-01
1.525000000000000133e+00 9.876790797497234653e-01
1.550000000000000044e+00 9.897042628823520261e-01
1.575000000000000178e+00 9.910895043943012128e-01
1.600000000000000089e+00 9.881678036575488600e-01
1.625000000000000000e+00 9.848540050903409337e-01
1.650000000000000133e+00 9.811970179129422265e-01
1.675000000000000044e+00 9.785567006545491386e-01
1.700000000000000178e+00 9.781803903018762014e-01
1.725000000000000089e+00 9.839965087298766511e-01
1.750000000000000000e+00 9.835574759216360041e-01
1.775000000000000133e+00 9.826977695258318768e-01
1.800000000000000044e+00 9.834415931270715783e-01
1.825000000000000178e+00 9.808498958733957718e-01
1.850000000000000089e+00 9.827530974434234290e-01
1.875000000000000000e+00 9.851063887298793231e-01
1.900000000000000133e+00 9.832213888944066893e-01
1.925000000000000044e+00 9.848403649949669658e-01
1.950000000000000178e+00 9.827877020911838235e-01
1.975000000000000089e+00 9.848183426821811581e-01
2.000000000000000000e+00 9.826113726581087171e-01
